5.86133e+06
1265.61
2406.56
1283.88
1061.17
1030.82
927.422
888.571
706.335
278.099
169.804
131.796
110.046
89.8909
67.3278
58.5987
45.6321
35.5901
24.6862
17.3732
12.8857
11.0906
9.84261
8.62765
7.53834
7.17986
6.91105
8.99877
9.54114
9.84746
8.46273
8.26569
8.38988
8.00348
7.96825
9.34387
11.2104
8.31316
7.70558
2.05319
2.009
1.92266
1.88121
1.82194
1.81004
1.75851
1.58152
1.35977
1.28859
1.2219
1.11606
1.07368
1.07073
1.09626
1.13423
1.13373
1.04874
0.870581
0.833467
0.832489
0.853209
0.911619
0.958297
0.970093
0.99139
1.12558
1.437
1.71259
1.87624
2.19234
