22466084.79538257 
4851.011130687759 
9224.179449139208 
4921.038319938927 
4067.3722869043436 
3951.0753119120077 
3554.742593498065 
3405.831624737135 
2707.332178944787 
1065.9354791797634 
650.8461433940965 
505.16359330707724 
421.7987316783932 
344.5455179946239 
258.06288836875217 
224.60484655551974 
174.9047296738976 
136.41439421309855 
94.62047418342132 
66.59042755485291 
49.39000995990308 
42.50939870155682 
37.72604376050323 
33.06917056249339 
28.893928135773926 
27.519891977806033 
26.489554043511475 
34.491642170488944 
36.57053554190191 
37.74461291235826 
32.43704691474753 
31.681807815710304 
32.15783943952355 
30.676758521851756 
30.54172554483099 
35.81441257821981 
42.968751430746536 
31.863764688365023 
29.53495894677104 
7.869749510774324 
7.700362441334506 
7.369418851306585 
7.21054286635097 
6.983366222574196 
6.937737242500137 
6.74026132317325 
6.061843154885832 
5.211903231088775 
4.9390562251290095 
4.68346209198207 
4.277763324094962 
4.115323111110026 
4.1040381926836345 
4.201892417114283 
4.347412277689696 
4.345493280450777 
4.0197500246645355 
3.3368771562815795 
3.1946210600624236 
3.190873780523627 
3.270291426838531 
3.4941716364584687 
3.6730858039001313 
3.7182984189145336 
3.7999281990562443 
4.314265564531006 
5.507914642366441 
6.564243739576962 
7.191479223872524 
8.403088634536802 
