1.00000
0.25000
0.11111
0.06250
0.04000
0.02778
0.02041
0.01563
0.01235
0.01000
0.00826
0.00694
0.00592
0.00510
0.00444
0.00391
0.00346
0.00309
0.00277
0.00250
0.00227
0.00207
0.00189
0.00174
0.00160
0.00148
0.00137
0.00128
0.00119
0.00111
0.00104
0.00098
0.00092
0.00087
0.00082
0.00077
0.00073
0.00069
0.00066
0.00063
0.00059
0.00057
0.00054
0.00052
0.00049
0.00047
0.00045
0.00043
0.00042
0.00040
0.00038
0.00037
0.00036
0.00034
0.00033
0.00032
0.00031
0.00030
0.00029
0.00028
0.00027
0.00026
0.00025
0.00024
0.00024
0.00023
0.00022
0.00022
0.00021
0.00020
