1e-05
2.17564e-05
1.32165e-16
1.95514e-27
3.81023e-38
7.34539e-49
1.62597e-59
3.39813e-70
5.67393e-81
3.21423e-91
3.42559e-101
4.88301e-111
8.20238e-121
1.59439e-130
4.47573e-140
1.3445e-149
5.12393e-159
2.27858e-168
1.41869e-177
1.23534e-186
1.52853e-195
2.17148e-204
3.32991e-213
5.56533e-222
1.09406e-230
2.23727e-239
5.98954e-248
1.13858e-256
2.03121e-265
3.06255e-274
5.70193e-283
1.11346e-291
2.04425e-300
4.01859e-309
8.98442e-318
4.2292e-321
0
3.50293e-321
0
0
0
0
0
4.94066e-324
3.95253e-323
2.42092e-322
1.17094e-321
4.55529e-321
1.65314e-320
5.61012e-320
1.71263e-319
5.01131e-319
1.46205e-318
4.37584e-318
1.36035e-317
4.22689e-317
1.20638e-316
2.88119e-316
6.63044e-316
1.52436e-315
3.57793e-315
8.90314e-315
2.32127e-314
6.12396e-314
1.65039e-313
5.08652e-313
2.14043e-312
1.18651e-311
7.74656e-311
6.93794e-310
