1e-05
7.43857e-268
2.68668e-258
9.70378e-249
3.50483e-239
1.26588e-229
4.57212e-220
1.65137e-210
5.96443e-201
2.15424e-191
7.78073e-182
2.81026e-172
1.01501e-162
3.66604e-153
1.32411e-143
4.78243e-134
1.72732e-124
6.23878e-115
2.25333e-105
7.9055e-98
3.11976e-92
2.04502e-87
3.84848e-83
2.14896e-79
4.03728e-76
5.29982e-73
5.31729e-70
4.30334e-66
5.99061e-62
1.13284e-57
5.36395e-54
2.08558e-50
9.18139e-47
2.74646e-43
7.93119e-40
9.06424e-36
6.69815e-31
2.73096e-27
6.06467e-24
4.72605e-23
3.52368e-22
2.40989e-21
1.58123e-20
9.77808e-20
5.97506e-19
3.46781e-18
1.68616e-17
6.5681e-17
2.38268e-16
8.08593e-16
2.46846e-15
7.22301e-15
2.10732e-14
6.30712e-14
1.96074e-13
6.09243e-13
1.73881e-12
4.15281e-12
9.55679e-12
2.19714e-11
5.15705e-11
1.28325e-10
3.34577e-10
8.82678e-10
2.3788e-09
7.33145e-09
3.08511e-08
1.71017e-07
1.11655e-06
1e-05
