1e-05
0.0794242
0.00745233
0.000486441
2.43666e-05
9.9218e-07
3.41023e-08
1.01598e-09
2.6753e-11
6.22819e-13
1.05024e-148
4.69022e-139
2.08499e-129
1.49602e-117
9.20479e-108
4.50347e-98
2.06873e-88
9.38908e-79
4.22057e-69
1.8283e-61
8.84884e-56
7.07257e-51
1.61454e-46
1.08858e-42
2.459e-39
3.86624e-36
4.6296e-33
6.57189e-27
1.53009e-22
3.83378e-18
2.29139e-14
7.13536e-13
1.14269e-11
1.40874e-10
1.56298e-09
2.01448e-08
3.102e-07
2.62741e-06
1.65648e-05
2.9307e-05
4.81819e-05
7.49e-05
0.000112387
0.000162981
0.000231043
0.000318447
0.000419355
0.000526701
0.000648013
0.000782468
0.000923669
0.00107679
0.00124655
0.00143785
0.00165412
0.00188892
0.00212317
0.00233122
0.00254072
0.00275887
0.00299051
0.00324553
0.00352073
0.00380546
0.00410114
0.00443957
0.00491652
0.0113763
0.0589233
0.51044
