1
6.92173e-11
8.51739e-21
1.32649e-30
2.35049e-40
4.51928e-50
9.19285e-60
1.94868e-69
4.26295e-79
9.56026e-89
2.18755e-98
5.08927e-108
1.20062e-117
2.86623e-127
6.91288e-137
1.68219e-146
4.12565e-156
1.01887e-165
2.53181e-175
6.51291e-183
1.49694e-188
2.08076e-193
1.01162e-197
1.66384e-201
8.16198e-205
5.74852e-208
5.31308e-211
6.1044e-215
4.08787e-219
2.02001e-223
3.99536e-227
9.64354e-231
2.05981e-234
6.48683e-238
2.11977e-241
1.75319e-245
2.24598e-250
5.22254e-254
2.23269e-257
2.72362e-258
3.47696e-259
4.84472e-260
7.0442e-261
1.08794e-261
1.70215e-262
2.80668e-263
5.52929e-264
1.36095e-264
3.60004e-265
1.01881e-265
3.20772e-266
1.05448e-266
3.47922e-267
1.11981e-267
3.47231e-268
1.07795e-268
3.64553e-269
1.47423e-269
6.19082e-270
2.60378e-270
1.07325e-270
4.17511e-271
1.55091e-271
5.69642e-272
2.04918e-272
6.44891e-273
1.48711e-273
2.60439e-274
3.87425e-275
4.20308e-276
