1
1300.64
1067.68
876.451
719.471
590.607
484.825
397.988
326.705
268.189
220.154
180.723
148.354
121.782
99.9701
82.0646
67.3661
55.3003
45.3955
37.2648
30.5905
25.1118
20.615
16.9253
13.8998
11.4134
9.37187
7.68511
6.30824
5.17826
4.25161
3.49031
2.86506
2.35221
1.93094
1.58459
1.30066
1.068
0.876932
0.832002
0.702198
0.587498
0.487526
0.405544
0.334556
0.277799
0.237856
0.209416
0.17951
0.152866
0.132139
0.112525
0.093869
0.0767588
0.0619559
0.0505297
0.0428159
0.0385411
0.0336692
0.0285358
0.0235604
0.0188288
0.0149056
0.0119576
0.00961494
0.00737022
0.00524067
0.00380967
0.00293476
0.0022578
