1.5e-16
3.75e-17
1.66667e-17
9.375e-18
6e-18
4.16667e-18
3.06122e-18
2.34375e-18
1.85185e-18
1.5e-18
1.23967e-18
1.04167e-18
8.87574e-19
7.65307e-19
6.66667e-19
5.85938e-19
5.19032e-19
4.62963e-19
4.15513e-19
3.75001e-19
3.40137e-19
3.09918e-19
2.83554e-19
2.60417e-19
2.40001e-19
2.21894e-19
2.05762e-19
1.91327e-19
1.7836e-19
1.66667e-19
1.56088e-19
1.46485e-19
1.37742e-19
1.29758e-19
1.22449e-19
1.15741e-19
1.0957e-19
1.03879e-19
9.86198e-20
9.37505e-20
8.92331e-20
8.50345e-20
8.11254e-20
7.74798e-20
7.40746e-20
7.0889e-20
6.79045e-20
6.51047e-20
6.24745e-20
6.00005e-20
5.76706e-20
5.54739e-20
5.34003e-20
5.14408e-20
4.95873e-20
4.78321e-20
4.61686e-20
4.45903e-20
4.30916e-20
4.16672e-20
4.03122e-20
3.90224e-20
3.77934e-20
3.66216e-20
3.55035e-20
3.44358e-20
3.34155e-20
3.24399e-20
3.15065e-20
3.06127e-20
2.97565e-20
2.89357e-20
2.81484e-20
2.73928e-20
2.66672e-20
2.597e-20
2.52999e-20
2.46553e-20
2.40351e-20
2.3438e-20
2.28629e-20
2.23086e-20
2.17743e-20
2.1259e-20
2.07617e-20
2.02817e-20
1.98182e-20
1.93703e-20
1.89375e-20
1.8519e-20
1.81143e-20
1.77226e-20
1.73435e-20
1.69765e-20
1.6621e-20
1.62765e-20
1.59427e-20
1.5619e-20
1.53051e-20
1.50005e-20
1.47049e-20
1.4418e-20
1.41394e-20
1.38688e-20
1.36059e-20
1.33504e-20
1.31021e-20
1.28606e-20
1.26257e-20
1.23972e-20
1.21748e-20
1.19584e-20
1.17477e-20
1.15425e-20
1.13427e-20
1.11479e-20
1.09582e-20
1.07733e-20
1.0593e-20
1.04172e-20
1.02457e-20
1.00784e-20
9.91523e-21
9.75596e-21
9.6005e-21
9.44872e-21
9.30052e-21
9.15577e-21
9.01438e-21
8.87624e-21
8.74125e-21
8.60932e-21
8.48035e-21
8.35425e-21
8.23095e-21
8.11036e-21
7.9924e-21
7.877e-21
7.76407e-21
7.65356e-21
7.54539e-21
7.4395e-21
7.33582e-21
7.2343e-21
7.13486e-21
7.03747e-21
6.94205e-21
6.84856e-21
6.75695e-21
6.66717e-21
6.57916e-21
6.49288e-21
6.40829e-21
6.32534e-21
6.244e-21
6.16421e-21
6.08594e-21
6.00915e-21
5.93381e-21
5.85988e-21
5.78731e-21
5.71609e-21
5.64354e-21
5.57233e-21
5.50245e-21
5.43386e-21
5.36653e-21
5.30043e-21
5.23552e-21
5.17179e-21
5.10919e-21
5.04771e-21
4.98733e-21
4.92801e-21
4.86973e-21
4.81243e-21
4.7561e-21
4.70072e-21
4.64626e-21
4.59271e-21
4.54005e-21
4.48825e-21
4.43729e-21
4.38716e-21
4.33784e-21
4.28931e-21
4.24155e-21
4.19455e-21
4.1483e-21
4.10267e-21
4.05766e-21
4.01325e-21
3.96942e-21
3.92617e-21
3.88348e-21
3.84134e-21
3.79978e-21
3.75881e-21
3.71842e-21
3.6786e-21
3.63933e-21
3.6006e-21
3.56241e-21
3.52474e-21
3.48759e-21
3.45096e-21
3.41483e-21
3.37919e-21
3.34403e-21
3.30934e-21
3.27514e-21
3.24146e-21
3.2083e-21
3.17565e-21
3.1435e-21
3.11183e-21
3.08065e-21
3.04994e-21
3.01965e-21
2.98976e-21
2.96027e-21
2.93118e-21
2.90248e-21
2.87415e-21
2.8462e-21
2.8186e-21
2.79135e-21
2.76444e-21
2.73786e-21
2.71162e-21
2.68569e-21
2.66009e-21
2.63481e-21
2.60986e-21
2.58523e-21
2.56091e-21
2.53691e-21
2.51322e-21
2.48983e-21
2.46673e-21
2.44391e-21
2.42136e-21
2.39908e-21
2.37707e-21
2.35531e-21
2.33381e-21
2.31256e-21
2.29149e-21
2.27061e-21
2.24991e-21
2.22939e-21
2.20904e-21
2.18887e-21
2.16886e-21
2.149e-21
2.12928e-21
2.1097e-21
2.09026e-21
2.07095e-21
2.05177e-21
2.03272e-21
2.01393e-21
1.99546e-21
1.97731e-21
1.95947e-21
1.94195e-21
1.92473e-21
1.90782e-21
1.89116e-21
1.87471e-21
1.85846e-21
1.8424e-21
1.82653e-21
1.81085e-21
1.79536e-21
1.7801e-21
1.76523e-21
1.75075e-21
1.73666e-21
1.72295e-21
1.70962e-21
1.69667e-21
1.68409e-21
1.67165e-21
1.65934e-21
1.64716e-21
1.6351e-21
1.62317e-21
1.61137e-21
1.59968e-21
1.58812e-21
1.57668e-21
1.56535e-21
1.55414e-21
1.54305e-21
1.53207e-21
1.5212e-21
1.51045e-21
1.4998e-21
1.48925e-21
1.47881e-21
1.46848e-21
1.45824e-21
1.44811e-21
1.43807e-21
1.42814e-21
1.4183e-21
1.40856e-21
1.39891e-21
1.38936e-21
1.37989e-21
1.37052e-21
1.36124e-21
1.35205e-21
1.34294e-21
1.33392e-21
1.32498e-21
1.31612e-21
1.30735e-21
1.29865e-21
1.29004e-21
1.28151e-21
1.27306e-21
1.26469e-21
1.25639e-21
1.24817e-21
1.24003e-21
1.23197e-21
1.22399e-21
1.21609e-21
1.20827e-21
1.20052e-21
1.19284e-21
1.18525e-21
1.17772e-21
1.17028e-21
1.1629e-21
1.15561e-21
1.14838e-21
1.14122e-21
1.13414e-21
1.12712e-21
1.12016e-21
1.11326e-21
1.10643e-21
1.09965e-21
1.09294e-21
1.08629e-21
1.07969e-21
1.07315e-21
1.06667e-21
1.06025e-21
1.05388e-21
1.04757e-21
1.04132e-21
1.03512e-21
1.02897e-21
1.02288e-21
1.01684e-21
1.01086e-21
1.00493e-21
9.99055e-22
9.93229e-22
9.87451e-22
9.81722e-22
9.7604e-22
9.70406e-22
9.64818e-22
9.59277e-22
9.53781e-22
9.48328e-22
9.42919e-22
9.37552e-22
9.32227e-22
9.26945e-22
9.21703e-22
9.16502e-22
9.11341e-22
9.06219e-22
9.01134e-22
8.96088e-22
8.9108e-22
8.86108e-22
8.81174e-22
8.76275e-22
8.71412e-22
8.66584e-22
8.61791e-22
8.57032e-22
8.52307e-22
8.47616e-22
8.42959e-22
8.38337e-22
8.33749e-22
8.29195e-22
8.24674e-22
8.20187e-22
8.15732e-22
8.11311e-22
8.06926e-22
8.02576e-22
7.98261e-22
7.93981e-22
7.89736e-22
7.85525e-22
7.81347e-22
7.77207e-22
7.73105e-22
7.69039e-22
7.65009e-22
7.61016e-22
7.57058e-22
7.53136e-22
7.49245e-22
7.45382e-22
7.41548e-22
7.37743e-22
7.33966e-22
7.30217e-22
7.26495e-22
7.228e-22
7.19131e-22
7.15487e-22
7.11868e-22
7.08275e-22
7.04706e-22
7.01161e-22
6.9764e-22
6.94143e-22
6.90668e-22
6.87216e-22
6.83786e-22
6.80379e-22
6.76994e-22
6.7363e-22
6.70287e-22
6.66963e-22
6.63659e-22
6.60374e-22
6.57109e-22
6.53862e-22
6.50635e-22
6.47427e-22
6.44237e-22
6.41067e-22
6.37915e-22
6.34782e-22
6.31667e-22
6.2857e-22
6.25493e-22
6.22434e-22
6.19395e-22
6.16374e-22
6.13372e-22
6.10389e-22
6.07425e-22
6.04478e-22
6.01549e-22
5.98638e-22
5.95744e-22
5.92867e-22
5.90008e-22
5.87165e-22
5.84339e-22
5.81524e-22
5.78721e-22
5.7593e-22
5.7315e-22
5.70382e-22
5.67625e-22
5.64879e-22
5.62137e-22
5.59398e-22
5.56663e-22
5.53932e-22
5.51203e-22
5.48478e-22
5.45755e-22
5.43037e-22
5.40323e-22
5.37614e-22
5.34908e-22
5.32207e-22
5.2951e-22
5.26817e-22
5.2413e-22
5.21451e-22
5.18781e-22
5.1612e-22
5.13466e-22
5.10821e-22
5.08184e-22
5.05553e-22
5.02924e-22
5.00296e-22
4.97669e-22
4.95044e-22
4.9242e-22
4.89797e-22
4.87175e-22
4.84567e-22
4.81974e-22
4.79394e-22
4.76829e-22
4.74278e-22
4.7174e-22
4.69216e-22
4.66706e-22
4.64209e-22
4.61725e-22
4.59255e-22
4.56798e-22
4.54354e-22
4.51922e-22
4.49504e-22
4.47098e-22
4.44705e-22
4.42325e-22
4.39957e-22
4.37601e-22
4.35258e-22
4.32927e-22
4.30607e-22
4.283e-22
4.26005e-22
4.23721e-22
4.2145e-22
4.19189e-22
4.16941e-22
4.14704e-22
4.12478e-22
4.10263e-22
4.0806e-22
4.05868e-22
4.03686e-22
4.01516e-22
3.99357e-22
3.97208e-22
3.9507e-22
3.92943e-22
3.90826e-22
3.88719e-22
3.86623e-22
3.84538e-22
3.82462e-22
3.80397e-22
3.78342e-22
3.76297e-22
3.74262e-22
3.72236e-22
3.70221e-22
3.68215e-22
3.66219e-22
3.64232e-22
3.62255e-22
3.60287e-22
3.58329e-22
3.5638e-22
3.54441e-22
3.5251e-22
3.50589e-22
3.48676e-22
3.46773e-22
3.44879e-22
3.42993e-22
3.41116e-22
3.39248e-22
3.37389e-22
3.35538e-22
3.33696e-22
3.31862e-22
3.30037e-22
3.2822e-22
3.26411e-22
3.24611e-22
3.22819e-22
3.21035e-22
3.19259e-22
3.17491e-22
3.15731e-22
3.1398e-22
3.12235e-22
3.10499e-22
3.08771e-22
3.0705e-22
3.05337e-22
3.03631e-22
3.01933e-22
3.00243e-22
2.9856e-22
2.96884e-22
2.95216e-22
2.93555e-22
2.91901e-22
2.90254e-22
2.88615e-22
2.86983e-22
2.85358e-22
2.83739e-22
2.82128e-22
2.80524e-22
2.78926e-22
2.77336e-22
2.75752e-22
2.74175e-22
2.72604e-22
2.71041e-22
2.69483e-22
2.67933e-22
2.66389e-22
2.64851e-22
2.6332e-22
2.61795e-22
2.60277e-22
2.58765e-22
2.57259e-22
2.55759e-22
2.54266e-22
2.52779e-22
2.51297e-22
2.49822e-22
2.48353e-22
2.4689e-22
2.45433e-22
2.43982e-22
2.42536e-22
2.41097e-22
2.39663e-22
2.38235e-22
2.36813e-22
2.35397e-22
2.33986e-22
2.32581e-22
2.31181e-22
2.29787e-22
2.28398e-22
2.27015e-22
2.25638e-22
2.24265e-22
2.22898e-22
2.21537e-22
2.20181e-22
2.1883e-22
2.17484e-22
2.16144e-22
2.14808e-22
2.13478e-22
2.12153e-22
2.10833e-22
2.09518e-22
2.08209e-22
2.06904e-22
2.05604e-22
2.04309e-22
2.03019e-22
2.01734e-22
2.00453e-22
1.99178e-22
1.97907e-22
1.96641e-22
1.9538e-22
1.94123e-22
1.92871e-22
1.91624e-22
1.90382e-22
1.89144e-22
1.8791e-22
1.86681e-22
1.85457e-22
1.84237e-22
1.83021e-22
1.8181e-22
1.80603e-22
1.79401e-22
1.78203e-22
1.77009e-22
1.7582e-22
1.74635e-22
1.73454e-22
1.72278e-22
1.71105e-22
1.69937e-22
1.68773e-22
1.67613e-22
1.66457e-22
1.65305e-22
1.64157e-22
1.63014e-22
1.61874e-22
1.60738e-22
1.59606e-22
1.58478e-22
1.57354e-22
1.56234e-22
1.55118e-22
1.54006e-22
1.52897e-22
1.51793e-22
1.50692e-22
1.49594e-22
1.48501e-22
1.47411e-22
1.46325e-22
1.45243e-22
1.44164e-22
1.43089e-22
1.42018e-22
1.4095e-22
1.39885e-22
1.38825e-22
1.37767e-22
1.36714e-22
1.35663e-22
1.34617e-22
1.33573e-22
1.32533e-22
1.31497e-22
1.30464e-22
1.29434e-22
1.28408e-22
1.27385e-22
1.26365e-22
1.25349e-22
1.24336e-22
1.23326e-22
1.22319e-22
1.21316e-22
1.20316e-22
1.19319e-22
1.18325e-22
1.17335e-22
1.16347e-22
1.15363e-22
1.14382e-22
1.13403e-22
1.12428e-22
1.11456e-22
1.10487e-22
1.09521e-22
1.08558e-22
1.07599e-22
1.06642e-22
1.05688e-22
1.04736e-22
1.03788e-22
1.02843e-22
1.01901e-22
1.00961e-22
1.00025e-22
9.9091e-23
9.81601e-23
9.72321e-23
9.63068e-23
9.53843e-23
9.44646e-23
9.35477e-23
9.26335e-23
9.17221e-23
9.08133e-23
8.99073e-23
8.90039e-23
8.81033e-23
8.72053e-23
8.63099e-23
8.54172e-23
8.45271e-23
8.36396e-23
8.27546e-23
8.18723e-23
8.09925e-23
8.01153e-23
7.92407e-23
7.83685e-23
7.74989e-23
7.66318e-23
7.57671e-23
7.49049e-23
7.40452e-23
7.3188e-23
7.23332e-23
7.14808e-23
7.06308e-23
6.97832e-23
6.8938e-23
6.80952e-23
6.72547e-23
6.64166e-23
6.55808e-23
6.47474e-23
6.39162e-23
6.30874e-23
6.22609e-23
6.14366e-23
6.06147e-23
5.97949e-23
5.89775e-23
5.81622e-23
5.73492e-23
5.65384e-23
5.57298e-23
5.49234e-23
5.41192e-23
5.33171e-23
5.25172e-23
5.17194e-23
5.09238e-23
5.01303e-23
4.93389e-23
4.85497e-23
4.77625e-23
4.69774e-23
4.61944e-23
4.54134e-23
4.46345e-23
4.38577e-23
4.30829e-23
4.23101e-23
4.15393e-23
4.07705e-23
4.00037e-23
3.92389e-23
3.84761e-23
3.77153e-23
3.69564e-23
3.61994e-23
3.54444e-23
3.46913e-23
3.39401e-23
3.31909e-23
3.24435e-23
3.1698e-23
3.09544e-23
3.02127e-23
2.94729e-23
2.87349e-23
2.79987e-23
2.72644e-23
2.65319e-23
2.58013e-23
2.50724e-23
2.43454e-23
2.36201e-23
2.28967e-23
2.2175e-23
2.14551e-23
2.07369e-23
2.00205e-23
1.93058e-23
1.85929e-23
1.78817e-23
1.71722e-23
1.64644e-23
1.57584e-23
1.5054e-23
1.43513e-23
1.36503e-23
1.2951e-23
1.22533e-23
1.15573e-23
1.08629e-23
1.01702e-23
9.47909e-24
8.78962e-24
8.10177e-24
7.41554e-24
6.7309e-24
6.04786e-24
5.36641e-24
4.68655e-24
4.00825e-24
3.33152e-24
2.65635e-24
1.98274e-24
1.31067e-24
6.40136e-25
5e-25
5e-25
5e-25
5e-25
5e-25
5e-25
5e-25
5e-25
5e-25
5e-25
5e-25
5e-25
5e-25
5e-25
5e-25
5e-25
5e-25
5e-25
5e-25
5e-25
5e-25
5e-25
5e-25
5e-25
5e-25
5e-25
5e-25
5e-25
5e-25
5e-25
5e-25
5e-25
5e-25
5e-25
5e-25
5e-25
5e-25
5e-25
5e-25
5e-25
5e-25
5e-25
5e-25
5e-25
5e-25
5e-25
5e-25
5e-25
5e-25
5e-25
5e-25
5e-25
5e-25
5e-25
5e-25
5e-25
5e-25
5e-25
5e-25
5e-25
5e-25
5e-25
5e-25
5e-25
5e-25
5e-25
5e-25
5e-25
5e-25
5e-25
5e-25
5e-25
5e-25
5e-25
5e-25
5e-25
5e-25
5e-25
5e-25
5e-25
5e-25
5e-25
5e-25
5e-25
5e-25
5e-25
5e-25
5e-25
5e-25
5e-25
5e-25
5e-25
5e-25
5e-25
5e-25
5e-25
5e-25
5e-25
5e-25
5e-25
5e-25
5e-25
5e-25
5e-25
5e-25
5e-25
5e-25
5e-25
5e-25
5e-25
5e-25
5e-25
5e-25
5e-25
5e-25
5e-25
5e-25
5e-25
5e-25
5e-25
5e-25
5e-25
5e-25
5e-25
5e-25
break
1.5e-17
3.75e-18
1.66667e-18
9.375e-19
6.00001e-19
4.16667e-19
3.06123e-19
2.34376e-19
1.85186e-19
1.50001e-19
1.23967e-19
1.04167e-19
8.87579e-20
7.65311e-20
6.66672e-20
5.85943e-20
5.19036e-20
4.62968e-20
4.15517e-20
3.75005e-20
3.40141e-20
3.09922e-20
2.83559e-20
2.60422e-20
2.40005e-20
2.21898e-20
2.05766e-20
1.91332e-20
1.78364e-20
1.66672e-20
1.56092e-20
1.46489e-20
1.37746e-20
1.29763e-20
1.22454e-20
1.15746e-20
1.09574e-20
1.03883e-20
9.86243e-21
9.3755e-21
8.92376e-21
8.5039e-21
8.11299e-21
7.74843e-21
7.40791e-21
7.08935e-21
6.7909e-21
6.51092e-21
6.2479e-21
6.0005e-21
5.76751e-21
5.54784e-21
5.34048e-21
5.14453e-21
4.95918e-21
4.78366e-21
4.61731e-21
4.45948e-21
4.30961e-21
4.16717e-21
4.03167e-21
3.90269e-21
3.77979e-21
3.66261e-21
3.5508e-21
3.44403e-21
3.342e-21
3.24444e-21
3.1511e-21
3.06172e-21
2.9761e-21
2.89402e-21
2.81529e-21
2.73973e-21
2.66717e-21
2.59745e-21
2.53044e-21
2.46598e-21
2.40396e-21
2.34425e-21
2.28674e-21
2.23131e-21
2.17788e-21
2.12635e-21
2.07662e-21
2.02862e-21
1.98227e-21
1.93748e-21
1.8942e-21
1.85235e-21
1.81188e-21
1.77271e-21
1.7348e-21
1.6981e-21
1.66255e-21
1.6281e-21
1.59472e-21
1.56235e-21
1.53096e-21
1.5005e-21
1.47094e-21
1.44225e-21
1.41439e-21
1.38733e-21
1.36104e-21
1.33549e-21
1.31066e-21
1.28651e-21
1.26302e-21
1.24017e-21
1.21793e-21
1.19629e-21
1.17522e-21
1.1547e-21
1.13472e-21
1.11524e-21
1.09627e-21
1.07778e-21
1.05975e-21
1.04217e-21
1.02502e-21
1.00829e-21
9.91973e-22
9.76046e-22
9.605e-22
9.45322e-22
9.30502e-22
9.16027e-22
9.01888e-22
8.88074e-22
8.74575e-22
8.61382e-22
8.48485e-22
8.35875e-22
8.23545e-22
8.11486e-22
7.9969e-22
7.8815e-22
7.76857e-22
7.65806e-22
7.54989e-22
7.444e-22
7.34032e-22
7.2388e-22
7.13936e-22
7.04197e-22
6.94655e-22
6.85306e-22
6.76145e-22
6.67167e-22
6.58366e-22
6.49738e-22
6.41279e-22
6.32984e-22
6.2485e-22
6.16871e-22
6.09044e-22
6.01365e-22
5.93831e-22
5.86438e-22
5.79181e-22
5.72059e-22
5.62235e-22
5.52624e-22
5.43221e-22
5.34022e-22
5.25022e-22
5.16214e-22
5.07592e-22
4.99152e-22
4.9089e-22
4.82804e-22
4.74889e-22
4.67143e-22
4.59547e-22
4.52083e-22
4.44746e-22
4.37535e-22
4.30447e-22
4.23479e-22
4.16629e-22
4.09894e-22
4.03268e-22
3.96749e-22
3.90334e-22
3.84023e-22
3.77812e-22
3.71699e-22
3.65684e-22
3.59667e-22
3.53644e-22
3.47615e-22
3.41579e-22
3.35535e-22
3.29483e-22
3.23421e-22
3.17397e-22
3.11428e-22
3.05512e-22
2.99646e-22
2.93831e-22
2.88065e-22
2.82347e-22
2.76681e-22
2.7107e-22
2.65513e-22
2.6001e-22
2.54558e-22
2.49157e-22
2.43806e-22
2.38523e-22
2.33359e-22
2.28312e-22
2.23381e-22
2.18563e-22
2.13858e-22
2.09264e-22
2.04776e-22
2.00347e-22
1.95974e-22
1.91657e-22
1.87395e-22
1.83187e-22
1.79032e-22
1.7493e-22
1.70867e-22
1.66842e-22
1.62854e-22
1.58901e-22
1.54983e-22
1.511e-22
1.4725e-22
1.43447e-22
1.39697e-22
1.36e-22
1.32356e-22
1.28764e-22
1.25222e-22
1.21731e-22
1.18285e-22
1.14872e-22
1.11493e-22
1.08147e-22
1.04834e-22
1.01552e-22
9.83024e-23
9.50766e-23
9.18218e-23
8.85381e-23
8.52255e-23
8.18839e-23
7.85133e-23
7.51138e-23
7.16854e-23
6.82097e-23
6.46845e-23
6.111e-23
5.74862e-23
5.38134e-23
5.00918e-23
4.63213e-23
4.26333e-23
3.90967e-23
3.57102e-23
3.24725e-23
2.93822e-23
2.6438e-23
2.36388e-23
2.09426e-23
1.82925e-23
1.56881e-23
1.31289e-23
1.06144e-23
8.14419e-24
5.71774e-24
3.37471e-24
1.28707e-24
5e-25
5e-25
5e-25
5e-25
5e-25
5e-25
5e-25
5e-25
5e-25
5e-25
5e-25
5e-25
5e-25
5e-25
5e-25
5e-25
5e-25
5e-25
5e-25
5e-25
5e-25
5e-25
5e-25
5e-25
5e-25
5e-25
5e-25
5e-25
5e-25
5e-25
5e-25
5e-25
5e-25
5e-25
5e-25
5e-25
5e-25
5e-25
5e-25
5e-25
5e-25
5e-25
5e-25
5e-25
5e-25
5e-25
5e-25
5e-25
5e-25
5e-25
5e-25
5e-25
5e-25
5e-25
5e-25
5e-25
5e-25
5e-25
5e-25
5e-25
5e-25
5e-25
5e-25
5e-25
5e-25
5e-25
5e-25
5e-25
5e-25
5e-25
5e-25
5e-25
5e-25
5e-25
5e-25
5e-25
5e-25
5e-25
5e-25
5e-25
5e-25
5e-25
5e-25
5e-25
5e-25
5e-25
5e-25
5e-25
5e-25
5e-25
5e-25
5e-25
5e-25
5e-25
5e-25
5e-25
5e-25
5e-25
5e-25
5e-25
5e-25
5e-25
5e-25
5e-25
5e-25
5e-25
5e-25
5e-25
5e-25
5e-25
5e-25
5e-25
5e-25
5e-25
5e-25
5e-25
5e-25
5e-25
5e-25
5e-25
5e-25
5e-25
5e-25
5e-25
5e-25
5e-25
5e-25
5e-25
5e-25
5e-25
5e-25
5e-25
5e-25
5e-25
5e-25
5e-25
5e-25
5e-25
5e-25
5e-25
5e-25
5e-25
5e-25
5e-25
5e-25
5e-25
5e-25
5e-25
5e-25
5e-25
5e-25
5e-25
5e-25
5e-25
5e-25
5e-25
5e-25
5e-25
5e-25
5e-25
5e-25
5e-25
5e-25
5e-25
5e-25
5e-25
5e-25
5e-25
5e-25
5e-25
5e-25
5e-25
5e-25
5e-25
5e-25
5e-25
5e-25
5e-25
5e-25
5e-25
5e-25
5e-25
5e-25
5e-25
5e-25
5e-25
5e-25
5e-25
5e-25
5e-25
5e-25
5e-25
5e-25
5e-25
5e-25
5e-25
5e-25
5e-25
5e-25
5e-25
5e-25
5e-25
5e-25
5e-25
5e-25
5e-25
5e-25
5e-25
5e-25
5e-25
5e-25
5e-25
5e-25
5e-25
5e-25
5e-25
5e-25
5e-25
5e-25
5e-25
5e-25
5e-25
5e-25
5e-25
5e-25
5e-25
5e-25
5e-25
5e-25
5e-25
5e-25
5e-25
5e-25
5e-25
5e-25
5e-25
5e-25
5e-25
5e-25
5e-25
5e-25
5e-25
5e-25
5e-25
5e-25
5e-25
5e-25
5e-25
5e-25
5e-25
5e-25
5e-25
5e-25
5e-25
5e-25
5e-25
5e-25
5e-25
5e-25
5e-25
5e-25
5e-25
5e-25
5e-25
5e-25
5e-25
5e-25
5e-25
5e-25
5e-25
5e-25
5e-25
5e-25
5e-25
5e-25
5e-25
5e-25
5e-25
5e-25
5e-25
5e-25
5e-25
5e-25
5e-25
5e-25
5e-25
5e-25
5e-25
5e-25
5e-25
5e-25
5e-25
5e-25
5e-25
5e-25
5e-25
5e-25
5e-25
5e-25
5e-25
5e-25
5e-25
5e-25
5e-25
5e-25
5e-25
5e-25
5e-25
5e-25
5e-25
5e-25
5e-25
5e-25
5e-25
5e-25
5e-25
5e-25
5e-25
5e-25
5e-25
5e-25
5e-25
5e-25
5e-25
5e-25
5e-25
5e-25
5e-25
5e-25
5e-25
5e-25
5e-25
5e-25
5e-25
5e-25
5e-25
5e-25
5e-25
5e-25
5e-25
5e-25
5e-25
5e-25
5e-25
5e-25
5e-25
5e-25
5e-25
5e-25
5e-25
5e-25
5e-25
5e-25
5e-25
5e-25
5e-25
5e-25
5e-25
5e-25
5e-25
5e-25
5e-25
5e-25
5e-25
5e-25
5e-25
5e-25
5e-25
5e-25
5e-25
5e-25
5e-25
5e-25
5e-25
5e-25
5e-25
5e-25
5e-25
5e-25
5e-25
5e-25
5e-25
5e-25
5e-25
5e-25
5e-25
5e-25
5e-25
5e-25
5e-25
5e-25
5e-25
5e-25
5e-25
5e-25
5e-25
5e-25
5e-25
5e-25
5e-25
5e-25
5e-25
5e-25
5e-25
5e-25
5e-25
5e-25
5e-25
5e-25
5e-25
5e-25
5e-25
5e-25
5e-25
5e-25
5e-25
5e-25
5e-25
5e-25
5e-25
5e-25
5e-25
5e-25
5e-25
5e-25
5e-25
5e-25
5e-25
5e-25
5e-25
5e-25
5e-25
5e-25
5e-25
5e-25
5e-25
5e-25
5e-25
5e-25
5e-25
5e-25
5e-25
5e-25
5e-25
5e-25
5e-25
5e-25
5e-25
5e-25
5e-25
5e-25
5e-25
5e-25
5e-25
5e-25
5e-25
5e-25
5e-25
5e-25
5e-25
5e-25
5e-25
5e-25
5e-25
5e-25
5e-25
5e-25
5e-25
5e-25
5e-25
5e-25
5e-25
5e-25
5e-25
5e-25
5e-25
5e-25
5e-25
5e-25
5e-25
5e-25
5e-25
5e-25
5e-25
5e-25
5e-25
5e-25
5e-25
5e-25
5e-25
5e-25
5e-25
5e-25
5e-25
5e-25
5e-25
5e-25
5e-25
5e-25
5e-25
5e-25
5e-25
5e-25
5e-25
5e-25
5e-25
5e-25
5e-25
5e-25
5e-25
5e-25
5e-25
5e-25
5e-25
5e-25
5e-25
5e-25
5e-25
5e-25
5e-25
5e-25
5e-25
5e-25
5e-25
5e-25
5e-25
5e-25
5e-25
5e-25
5e-25
5e-25
5e-25
5e-25
5e-25
5e-25
5e-25
5e-25
5e-25
5e-25
5e-25
5e-25
5e-25
5e-25
5e-25
5e-25
5e-25
5e-25
5e-25
5e-25
5e-25
5e-25
5e-25
5e-25
5e-25
5e-25
5e-25
5e-25
5e-25
5e-25
5e-25
5e-25
5e-25
5e-25
5e-25
5e-25
5e-25
5e-25
5e-25
5e-25
5e-25
5e-25
5e-25
5e-25
5e-25
5e-25
5e-25
5e-25
5e-25
5e-25
5e-25
5e-25
5e-25
5e-25
5e-25
5e-25
5e-25
5e-25
5e-25
5e-25
5e-25
5e-25
5e-25
5e-25
5e-25
5e-25
5e-25
5e-25
5e-25
5e-25
5e-25
5e-25
5e-25
5e-25
5e-25
5e-25
5e-25
5e-25
5e-25
5e-25
5e-25
5e-25
5e-25
5e-25
5e-25
5e-25
5e-25
5e-25
5e-25
5e-25
5e-25
5e-25
5e-25
5e-25
5e-25
5e-25
5e-25
5e-25
5e-25
5e-25
5e-25
5e-25
5e-25
5e-25
5e-25
5e-25
5e-25
5e-25
5e-25
5e-25
5e-25
5e-25
5e-25
5e-25
5e-25
5e-25
5e-25
5e-25
5e-25
5e-25
5e-25
5e-25
5e-25
5e-25
5e-25
5e-25
5e-25
5e-25
5e-25
5e-25
5e-25
5e-25
5e-25
5e-25
5e-25
5e-25
5e-25
5e-25
5e-25
5e-25
5e-25
5e-25
5e-25
5e-25
5e-25
5e-25
5e-25
5e-25
5e-25
5e-25
5e-25
5e-25
5e-25
5e-25
5e-25
5e-25
5e-25
5e-25
5e-25
5e-25
5e-25
5e-25
5e-25
5e-25
5e-25
5e-25
5e-25
5e-25
5e-25
5e-25
5e-25
5e-25
5e-25
5e-25
5e-25
5e-25
5e-25
5e-25
5e-25
5e-25
5e-25
5e-25
5e-25
5e-25
5e-25
5e-25
5e-25
5e-25
5e-25
5e-25
5e-25
5e-25
5e-25
5e-25
break
1.5e-18
3.75e-19
1.66667e-19
9.37505e-20
6.00005e-20
4.16672e-20
3.06127e-20
2.3438e-20
1.8519e-20
1.50005e-20
1.23972e-20
1.04172e-20
8.87624e-21
7.65356e-21
6.66717e-21
5.85988e-21
5.19081e-21
4.63013e-21
4.15562e-21
3.7505e-21
3.40186e-21
3.09967e-21
2.83604e-21
2.60467e-21
2.4005e-21
2.21943e-21
2.05811e-21
1.91377e-21
1.78409e-21
1.66717e-21
1.56137e-21
1.46534e-21
1.37791e-21
1.29808e-21
1.22499e-21
1.15791e-21
1.09619e-21
1.03928e-21
9.86693e-22
9.38e-22
8.92826e-22
8.5084e-22
8.11749e-22
7.75293e-22
7.41241e-22
7.09385e-22
6.7954e-22
6.51542e-22
6.2524e-22
6.005e-22
5.77201e-22
5.55234e-22
5.34498e-22
5.14903e-22
4.96368e-22
4.78816e-22
4.62181e-22
4.46398e-22
4.31411e-22
4.17167e-22
4.03617e-22
3.90719e-22
3.78429e-22
3.66711e-22
3.5553e-22
3.44853e-22
3.3465e-22
3.24894e-22
3.1556e-22
3.06622e-22
2.9806e-22
2.89852e-22
2.81979e-22
2.74423e-22
2.67167e-22
2.60195e-22
2.53494e-22
2.47048e-22
2.40846e-22
2.34875e-22
2.29124e-22
2.23581e-22
2.18238e-22
2.13085e-22
2.08112e-22
2.03312e-22
1.98677e-22
1.94198e-22
1.8987e-22
1.85685e-22
1.81638e-22
1.77721e-22
1.7393e-22
1.7026e-22
1.66705e-22
1.6326e-22
1.59922e-22
1.56685e-22
1.53546e-22
1.505e-22
1.47544e-22
1.44675e-22
1.41889e-22
1.39183e-22
1.36554e-22
1.33999e-22
1.31516e-22
1.29101e-22
1.26752e-22
1.24467e-22
1.22243e-22
1.20079e-22
1.17972e-22
1.1592e-22
1.13922e-22
1.11974e-22
1.10077e-22
1.08228e-22
1.06425e-22
1.04667e-22
1.02952e-22
1.01279e-22
9.96473e-23
9.80546e-23
9.65e-23
9.49822e-23
9.35002e-23
9.20527e-23
9.06388e-23
8.92574e-23
8.79075e-23
8.65882e-23
8.52985e-23
8.40375e-23
8.28045e-23
8.15986e-23
8.0419e-23
7.9265e-23
7.81357e-23
7.70306e-23
7.59489e-23
7.489e-23
7.38532e-23
7.2838e-23
7.18436e-23
7.08697e-23
6.99155e-23
6.89806e-23
6.80645e-23
6.71667e-23
6.62866e-23
6.54238e-23
6.45779e-23
6.37484e-23
6.2935e-23
6.21371e-23
6.13544e-23
6.05865e-23
5.98331e-23
5.90938e-23
5.83681e-23
5.76559e-23
5.41054e-23
5.06533e-23
4.7298e-23
4.40377e-23
4.08708e-23
3.77922e-23
3.47985e-23
3.18884e-23
2.90604e-23
2.63131e-23
2.36452e-23
2.10555e-23
1.85292e-23
1.60479e-23
1.36108e-23
1.1217e-23
8.86572e-24
6.5562e-24
4.28768e-24
2.05867e-24
5e-25
5e-25
5e-25
5e-25
5e-25
5e-25
5e-25
5e-25
5e-25
5e-25
5e-25
5e-25
5e-25
5e-25
5e-25
5e-25
5e-25
5e-25
5e-25
5e-25
5e-25
5e-25
5e-25
5e-25
5e-25
5e-25
5e-25
5e-25
5e-25
5e-25
5e-25
5e-25
5e-25
5e-25
5e-25
5e-25
5e-25
5e-25
5e-25
5e-25
5e-25
5e-25
5e-25
5e-25
5e-25
5e-25
5e-25
5e-25
5e-25
5e-25
5e-25
5e-25
5e-25
5e-25
5e-25
5e-25
5e-25
5e-25
5e-25
5e-25
5e-25
5e-25
5e-25
5e-25
5e-25
5e-25
5e-25
5e-25
5e-25
5e-25
5e-25
5e-25
5e-25
5e-25
5e-25
5e-25
5e-25
5e-25
5e-25
5e-25
5e-25
5e-25
5e-25
5e-25
5e-25
5e-25
5e-25
5e-25
5e-25
5e-25
5e-25
5e-25
5e-25
5e-25
5e-25
5e-25
5e-25
5e-25
5e-25
5e-25
5e-25
5e-25
5e-25
5e-25
5e-25
5e-25
5e-25
5e-25
5e-25
5e-25
5e-25
5e-25
5e-25
5e-25
5e-25
5e-25
5e-25
5e-25
5e-25
5e-25
5e-25
5e-25
5e-25
5e-25
5e-25
5e-25
5e-25
5e-25
5e-25
5e-25
5e-25
5e-25
5e-25
5e-25
5e-25
5e-25
5e-25
5e-25
5e-25
5e-25
5e-25
5e-25
5e-25
5e-25
5e-25
5e-25
5e-25
5e-25
5e-25
5e-25
5e-25
5e-25
5e-25
5e-25
5e-25
5e-25
5e-25
5e-25
5e-25
5e-25
5e-25
5e-25
5e-25
5e-25
5e-25
5e-25
5e-25
5e-25
5e-25
5e-25
5e-25
5e-25
5e-25
5e-25
5e-25
5e-25
5e-25
5e-25
5e-25
5e-25
5e-25
5e-25
5e-25
5e-25
5e-25
5e-25
5e-25
5e-25
5e-25
5e-25
5e-25
5e-25
5e-25
5e-25
5e-25
5e-25
5e-25
5e-25
5e-25
5e-25
5e-25
5e-25
5e-25
5e-25
5e-25
5e-25
5e-25
5e-25
5e-25
5e-25
5e-25
5e-25
5e-25
5e-25
5e-25
5e-25
5e-25
5e-25
5e-25
5e-25
5e-25
5e-25
5e-25
5e-25
5e-25
5e-25
5e-25
5e-25
5e-25
5e-25
5e-25
5e-25
5e-25
5e-25
5e-25
5e-25
5e-25
5e-25
5e-25
5e-25
5e-25
5e-25
5e-25
5e-25
5e-25
5e-25
5e-25
5e-25
5e-25
5e-25
5e-25
5e-25
5e-25
5e-25
5e-25
5e-25
5e-25
5e-25
5e-25
5e-25
5e-25
5e-25
5e-25
5e-25
5e-25
5e-25
5e-25
5e-25
5e-25
5e-25
5e-25
5e-25
5e-25
5e-25
5e-25
5e-25
5e-25
5e-25
5e-25
5e-25
5e-25
5e-25
5e-25
5e-25
5e-25
5e-25
5e-25
5e-25
5e-25
5e-25
5e-25
5e-25
5e-25
5e-25
5e-25
5e-25
5e-25
5e-25
5e-25
5e-25
5e-25
5e-25
5e-25
5e-25
5e-25
5e-25
5e-25
5e-25
5e-25
5e-25
5e-25
5e-25
5e-25
5e-25
5e-25
5e-25
5e-25
5e-25
5e-25
5e-25
5e-25
5e-25
5e-25
5e-25
5e-25
5e-25
5e-25
5e-25
5e-25
5e-25
5e-25
5e-25
5e-25
5e-25
5e-25
5e-25
5e-25
5e-25
5e-25
5e-25
5e-25
5e-25
5e-25
5e-25
5e-25
5e-25
5e-25
5e-25
5e-25
5e-25
5e-25
5e-25
5e-25
5e-25
5e-25
5e-25
5e-25
5e-25
5e-25
5e-25
5e-25
5e-25
5e-25
5e-25
5e-25
5e-25
5e-25
5e-25
5e-25
5e-25
5e-25
5e-25
5e-25
5e-25
5e-25
5e-25
5e-25
5e-25
5e-25
5e-25
5e-25
5e-25
5e-25
5e-25
5e-25
5e-25
5e-25
5e-25
5e-25
5e-25
5e-25
5e-25
5e-25
5e-25
5e-25
5e-25
5e-25
5e-25
5e-25
5e-25
5e-25
5e-25
5e-25
5e-25
5e-25
5e-25
5e-25
5e-25
5e-25
5e-25
5e-25
5e-25
5e-25
5e-25
5e-25
5e-25
5e-25
5e-25
5e-25
5e-25
5e-25
5e-25
5e-25
5e-25
5e-25
5e-25
5e-25
5e-25
5e-25
5e-25
5e-25
5e-25
5e-25
5e-25
5e-25
5e-25
5e-25
5e-25
5e-25
5e-25
5e-25
5e-25
5e-25
5e-25
5e-25
5e-25
5e-25
5e-25
5e-25
5e-25
5e-25
5e-25
5e-25
5e-25
5e-25
5e-25
5e-25
5e-25
5e-25
5e-25
5e-25
5e-25
5e-25
5e-25
5e-25
5e-25
5e-25
5e-25
5e-25
5e-25
5e-25
5e-25
5e-25
5e-25
5e-25
5e-25
5e-25
5e-25
5e-25
5e-25
5e-25
5e-25
5e-25
5e-25
5e-25
5e-25
5e-25
5e-25
5e-25
5e-25
5e-25
5e-25
5e-25
5e-25
5e-25
5e-25
5e-25
5e-25
5e-25
5e-25
5e-25
5e-25
5e-25
5e-25
5e-25
5e-25
5e-25
5e-25
5e-25
5e-25
5e-25
5e-25
5e-25
5e-25
5e-25
5e-25
5e-25
5e-25
5e-25
5e-25
5e-25
5e-25
5e-25
5e-25
5e-25
5e-25
5e-25
5e-25
5e-25
5e-25
5e-25
5e-25
5e-25
5e-25
5e-25
5e-25
5e-25
5e-25
5e-25
5e-25
5e-25
5e-25
5e-25
5e-25
5e-25
5e-25
5e-25
5e-25
5e-25
5e-25
5e-25
5e-25
5e-25
5e-25
5e-25
5e-25
5e-25
5e-25
5e-25
5e-25
5e-25
5e-25
5e-25
5e-25
5e-25
5e-25
5e-25
5e-25
5e-25
5e-25
5e-25
5e-25
5e-25
5e-25
5e-25
5e-25
5e-25
5e-25
5e-25
5e-25
5e-25
5e-25
5e-25
5e-25
5e-25
5e-25
5e-25
5e-25
5e-25
5e-25
5e-25
5e-25
5e-25
5e-25
5e-25
5e-25
5e-25
5e-25
5e-25
5e-25
5e-25
5e-25
5e-25
5e-25
5e-25
5e-25
5e-25
5e-25
5e-25
5e-25
5e-25
5e-25
5e-25
5e-25
5e-25
5e-25
5e-25
5e-25
5e-25
5e-25
5e-25
5e-25
5e-25
5e-25
5e-25
5e-25
5e-25
5e-25
5e-25
5e-25
5e-25
5e-25
5e-25
5e-25
5e-25
5e-25
5e-25
5e-25
5e-25
5e-25
5e-25
5e-25
5e-25
5e-25
5e-25
5e-25
5e-25
5e-25
5e-25
5e-25
5e-25
5e-25
5e-25
5e-25
5e-25
5e-25
5e-25
5e-25
5e-25
5e-25
5e-25
5e-25
5e-25
5e-25
5e-25
5e-25
5e-25
5e-25
5e-25
5e-25
5e-25
5e-25
5e-25
5e-25
5e-25
5e-25
5e-25
5e-25
5e-25
5e-25
5e-25
5e-25
5e-25
5e-25
5e-25
5e-25
5e-25
5e-25
5e-25
5e-25
5e-25
5e-25
5e-25
5e-25
5e-25
5e-25
5e-25
5e-25
5e-25
5e-25
5e-25
5e-25
5e-25
5e-25
5e-25
5e-25
5e-25
5e-25
5e-25
5e-25
5e-25
5e-25
5e-25
5e-25
5e-25
5e-25
5e-25
5e-25
5e-25
5e-25
5e-25
5e-25
5e-25
5e-25
5e-25
5e-25
5e-25
5e-25
5e-25
5e-25
5e-25
5e-25
5e-25
5e-25
5e-25
5e-25
5e-25
5e-25
5e-25
5e-25
5e-25
5e-25
5e-25
5e-25
5e-25
5e-25
5e-25
5e-25
5e-25
5e-25
5e-25
5e-25
5e-25
5e-25
5e-25
5e-25
5e-25
5e-25
5e-25
5e-25
5e-25
5e-25
5e-25
5e-25
5e-25
5e-25
5e-25
5e-25
5e-25
5e-25
5e-25
5e-25
5e-25
5e-25
5e-25
5e-25
5e-25
5e-25
5e-25
5e-25
5e-25
5e-25
5e-25
5e-25
5e-25
5e-25
5e-25
5e-25
5e-25
5e-25
5e-25
5e-25
5e-25
5e-25
5e-25
5e-25
5e-25
5e-25
5e-25
5e-25
5e-25
5e-25
5e-25
5e-25
5e-25
5e-25
5e-25
5e-25
5e-25
5e-25
5e-25
5e-25
5e-25
5e-25
5e-25
5e-25
5e-25
5e-25
break
1.5e-18
3.75e-19
1.66667e-19
9.37505e-20
6.00005e-20
4.16672e-20
3.06127e-20
2.3438e-20
1.8519e-20
1.50005e-20
1.23972e-20
1.04172e-20
8.87624e-21
7.65356e-21
6.66717e-21
5.85988e-21
5.19081e-21
4.63013e-21
4.15562e-21
3.7505e-21
3.40186e-21
3.09967e-21
2.83604e-21
2.60467e-21
2.4005e-21
2.21943e-21
2.05811e-21
1.91377e-21
1.78409e-21
1.66717e-21
1.56137e-21
1.46534e-21
1.37791e-21
1.29808e-21
1.22499e-21
1.15791e-21
1.09619e-21
1.03928e-21
9.86693e-22
9.38e-22
8.92826e-22
8.5084e-22
8.11749e-22
7.75293e-22
7.41241e-22
7.09385e-22
6.7954e-22
6.51542e-22
6.2524e-22
6.005e-22
5.77201e-22
5.55234e-22
5.34498e-22
5.14903e-22
4.96368e-22
4.78816e-22
4.62181e-22
4.46398e-22
4.31411e-22
4.17167e-22
4.03617e-22
3.90719e-22
3.78429e-22
3.66711e-22
3.5553e-22
3.44853e-22
3.3465e-22
3.24894e-22
3.1556e-22
3.06622e-22
2.9806e-22
2.89852e-22
2.81979e-22
2.74423e-22
2.67167e-22
2.60195e-22
2.53494e-22
2.47048e-22
2.40846e-22
2.34875e-22
2.29124e-22
2.23581e-22
2.18238e-22
2.13085e-22
2.08112e-22
2.03312e-22
1.98677e-22
1.94198e-22
1.8987e-22
1.85685e-22
1.81638e-22
1.77721e-22
1.7393e-22
1.7026e-22
1.66705e-22
1.6326e-22
1.59922e-22
1.56685e-22
1.53546e-22
1.505e-22
1.47544e-22
1.44675e-22
1.41889e-22
1.39183e-22
1.36554e-22
1.33999e-22
1.31516e-22
1.29101e-22
1.26752e-22
1.24467e-22
1.22243e-22
1.20079e-22
1.17972e-22
1.1592e-22
1.13922e-22
1.11974e-22
1.10077e-22
1.08228e-22
1.06425e-22
1.04667e-22
1.02952e-22
1.01279e-22
9.96473e-23
9.80546e-23
9.65e-23
9.49822e-23
9.35002e-23
9.20527e-23
9.06388e-23
8.92574e-23
8.79075e-23
8.65882e-23
8.52985e-23
8.40375e-23
8.28045e-23
8.15986e-23
8.0419e-23
7.9265e-23
7.81357e-23
7.70306e-23
7.59489e-23
7.489e-23
7.38532e-23
7.2838e-23
7.18436e-23
7.08697e-23
6.99155e-23
6.89806e-23
6.80645e-23
6.71667e-23
6.62866e-23
6.54238e-23
6.45779e-23
6.37484e-23
6.2935e-23
6.21371e-23
6.13544e-23
6.05865e-23
5.98331e-23
5.90938e-23
5.83681e-23
5.76559e-23
5.41054e-23
5.06533e-23
4.7298e-23
4.40377e-23
4.08708e-23
3.77922e-23
3.47985e-23
3.18884e-23
2.90604e-23
2.63131e-23
2.36452e-23
2.10555e-23
1.85292e-23
1.60479e-23
1.36108e-23
1.1217e-23
8.86572e-24
6.5562e-24
4.28768e-24
2.05867e-24
5e-25
5e-25
5e-25
5e-25
5e-25
5e-25
5e-25
5e-25
5e-25
5e-25
5e-25
5e-25
5e-25
5e-25
5e-25
5e-25
5e-25
5e-25
5e-25
5e-25
5e-25
5e-25
5e-25
5e-25
5e-25
5e-25
5e-25
5e-25
5e-25
5e-25
5e-25
5e-25
5e-25
5e-25
5e-25
5e-25
5e-25
5e-25
5e-25
5e-25
5e-25
5e-25
5e-25
5e-25
5e-25
5e-25
5e-25
5e-25
5e-25
5e-25
5e-25
5e-25
5e-25
5e-25
5e-25
5e-25
5e-25
5e-25
5e-25
5e-25
5e-25
5e-25
5e-25
5e-25
5e-25
5e-25
5e-25
5e-25
5e-25
5e-25
5e-25
5e-25
5e-25
5e-25
5e-25
5e-25
5e-25
5e-25
5e-25
5e-25
5e-25
5e-25
5e-25
5e-25
5e-25
5e-25
5e-25
5e-25
5e-25
5e-25
5e-25
5e-25
5e-25
5e-25
5e-25
5e-25
5e-25
5e-25
5e-25
5e-25
5e-25
5e-25
5e-25
5e-25
5e-25
5e-25
5e-25
5e-25
5e-25
5e-25
5e-25
5e-25
5e-25
5e-25
5e-25
5e-25
5e-25
5e-25
5e-25
5e-25
5e-25
5e-25
5e-25
5e-25
5e-25
5e-25
5e-25
5e-25
5e-25
5e-25
5e-25
5e-25
5e-25
5e-25
5e-25
5e-25
5e-25
5e-25
5e-25
5e-25
5e-25
5e-25
5e-25
5e-25
5e-25
5e-25
5e-25
5e-25
5e-25
5e-25
5e-25
5e-25
5e-25
5e-25
5e-25
5e-25
5e-25
5e-25
5e-25
5e-25
5e-25
5e-25
5e-25
5e-25
5e-25
5e-25
5e-25
5e-25
5e-25
5e-25
5e-25
5e-25
5e-25
5e-25
5e-25
5e-25
5e-25
5e-25
5e-25
5e-25
5e-25
5e-25
5e-25
5e-25
5e-25
5e-25
5e-25
5e-25
5e-25
5e-25
5e-25
5e-25
5e-25
5e-25
5e-25
5e-25
5e-25
5e-25
5e-25
5e-25
5e-25
5e-25
5e-25
5e-25
5e-25
5e-25
5e-25
5e-25
5e-25
5e-25
5e-25
5e-25
5e-25
5e-25
5e-25
5e-25
5e-25
5e-25
5e-25
5e-25
5e-25
5e-25
5e-25
5e-25
5e-25
5e-25
5e-25
5e-25
5e-25
5e-25
5e-25
5e-25
5e-25
5e-25
5e-25
5e-25
5e-25
5e-25
5e-25
5e-25
5e-25
5e-25
5e-25
5e-25
5e-25
5e-25
5e-25
5e-25
5e-25
5e-25
5e-25
5e-25
5e-25
5e-25
5e-25
5e-25
5e-25
5e-25
5e-25
5e-25
5e-25
5e-25
5e-25
5e-25
5e-25
5e-25
5e-25
5e-25
5e-25
5e-25
5e-25
5e-25
5e-25
5e-25
5e-25
5e-25
5e-25
5e-25
5e-25
5e-25
5e-25
5e-25
5e-25
5e-25
5e-25
5e-25
5e-25
5e-25
5e-25
5e-25
5e-25
5e-25
5e-25
5e-25
5e-25
5e-25
5e-25
5e-25
5e-25
5e-25
5e-25
5e-25
5e-25
5e-25
5e-25
5e-25
5e-25
5e-25
5e-25
5e-25
5e-25
5e-25
5e-25
5e-25
5e-25
5e-25
5e-25
5e-25
5e-25
5e-25
5e-25
5e-25
5e-25
5e-25
5e-25
5e-25
5e-25
5e-25
5e-25
5e-25
5e-25
5e-25
5e-25
5e-25
5e-25
5e-25
5e-25
5e-25
5e-25
5e-25
5e-25
5e-25
5e-25
5e-25
5e-25
5e-25
5e-25
5e-25
5e-25
5e-25
5e-25
5e-25
5e-25
5e-25
5e-25
5e-25
5e-25
5e-25
5e-25
5e-25
5e-25
5e-25
5e-25
5e-25
5e-25
5e-25
5e-25
5e-25
5e-25
5e-25
5e-25
5e-25
5e-25
5e-25
5e-25
5e-25
5e-25
5e-25
5e-25
5e-25
5e-25
5e-25
5e-25
5e-25
5e-25
5e-25
5e-25
5e-25
5e-25
5e-25
5e-25
5e-25
5e-25
5e-25
5e-25
5e-25
5e-25
5e-25
5e-25
5e-25
5e-25
5e-25
5e-25
5e-25
5e-25
5e-25
5e-25
5e-25
5e-25
5e-25
5e-25
5e-25
5e-25
5e-25
5e-25
5e-25
5e-25
5e-25
5e-25
5e-25
5e-25
5e-25
5e-25
5e-25
5e-25
5e-25
5e-25
5e-25
5e-25
5e-25
5e-25
5e-25
5e-25
5e-25
5e-25
5e-25
5e-25
5e-25
5e-25
5e-25
5e-25
5e-25
5e-25
5e-25
5e-25
5e-25
5e-25
5e-25
5e-25
5e-25
5e-25
5e-25
5e-25
5e-25
5e-25
5e-25
5e-25
5e-25
5e-25
5e-25
5e-25
5e-25
5e-25
5e-25
5e-25
5e-25
5e-25
5e-25
5e-25
5e-25
5e-25
5e-25
5e-25
5e-25
5e-25
5e-25
5e-25
5e-25
5e-25
5e-25
5e-25
5e-25
5e-25
5e-25
5e-25
5e-25
5e-25
5e-25
5e-25
5e-25
5e-25
5e-25
5e-25
5e-25
5e-25
5e-25
5e-25
5e-25
5e-25
5e-25
5e-25
5e-25
5e-25
5e-25
5e-25
5e-25
5e-25
5e-25
5e-25
5e-25
5e-25
5e-25
5e-25
5e-25
5e-25
5e-25
5e-25
5e-25
5e-25
5e-25
5e-25
5e-25
5e-25
5e-25
5e-25
5e-25
5e-25
5e-25
5e-25
5e-25
5e-25
5e-25
5e-25
5e-25
5e-25
5e-25
5e-25
5e-25
5e-25
5e-25
5e-25
5e-25
5e-25
5e-25
5e-25
5e-25
5e-25
5e-25
5e-25
5e-25
5e-25
5e-25
5e-25
5e-25
5e-25
5e-25
5e-25
5e-25
5e-25
5e-25
5e-25
5e-25
5e-25
5e-25
5e-25
5e-25
5e-25
5e-25
5e-25
5e-25
5e-25
5e-25
5e-25
5e-25
5e-25
5e-25
5e-25
5e-25
5e-25
5e-25
5e-25
5e-25
5e-25
5e-25
5e-25
5e-25
5e-25
5e-25
5e-25
5e-25
5e-25
5e-25
5e-25
5e-25
5e-25
5e-25
5e-25
5e-25
5e-25
5e-25
5e-25
5e-25
5e-25
5e-25
5e-25
5e-25
5e-25
5e-25
5e-25
5e-25
5e-25
5e-25
5e-25
5e-25
5e-25
5e-25
5e-25
5e-25
5e-25
5e-25
5e-25
5e-25
5e-25
5e-25
5e-25
5e-25
5e-25
5e-25
5e-25
5e-25
5e-25
5e-25
5e-25
5e-25
5e-25
5e-25
5e-25
5e-25
5e-25
5e-25
5e-25
5e-25
5e-25
5e-25
5e-25
5e-25
5e-25
5e-25
5e-25
5e-25
5e-25
5e-25
5e-25
5e-25
5e-25
5e-25
5e-25
5e-25
5e-25
5e-25
5e-25
5e-25
5e-25
5e-25
5e-25
5e-25
5e-25
5e-25
5e-25
5e-25
5e-25
5e-25
5e-25
5e-25
5e-25
5e-25
5e-25
5e-25
5e-25
5e-25
5e-25
5e-25
5e-25
5e-25
5e-25
5e-25
5e-25
5e-25
5e-25
5e-25
5e-25
5e-25
5e-25
5e-25
5e-25
5e-25
5e-25
5e-25
5e-25
5e-25
5e-25
5e-25
5e-25
5e-25
5e-25
5e-25
5e-25
5e-25
5e-25
5e-25
5e-25
5e-25
5e-25
5e-25
5e-25
5e-25
5e-25
5e-25
5e-25
5e-25
5e-25
5e-25
5e-25
5e-25
5e-25
5e-25
5e-25
5e-25
5e-25
5e-25
5e-25
5e-25
5e-25
5e-25
5e-25
5e-25
5e-25
5e-25
5e-25
5e-25
5e-25
5e-25
5e-25
5e-25
5e-25
5e-25
5e-25
5e-25
5e-25
5e-25
5e-25
5e-25
5e-25
5e-25
5e-25
5e-25
5e-25
5e-25
5e-25
5e-25
5e-25
5e-25
5e-25
5e-25
5e-25
5e-25
5e-25
5e-25
5e-25
5e-25
5e-25
5e-25
5e-25
5e-25
5e-25
5e-25
5e-25
5e-25
5e-25
5e-25
5e-25
5e-25
5e-25
5e-25
5e-25
5e-25
5e-25
5e-25
5e-25
5e-25
5e-25
5e-25
5e-25
5e-25
5e-25
5e-25
5e-25
5e-25
5e-25
5e-25
5e-25
5e-25
5e-25
5e-25
5e-25
5e-25
5e-25
5e-25
5e-25
5e-25
5e-25
5e-25
5e-25
5e-25
5e-25
5e-25
5e-25
5e-25
break
