0.500005
0.0905718
0.00949453
0.000701267
4.02575e-05
1.90514e-06
7.73266e-08
2.77089e-09
8.96499e-11
2.65962e-12
3.29584e-14
1.9211e-21
5.31893e-31
1.47265e-40
4.0773e-50
1.12888e-59
3.12552e-69
1.33481e-78
2.11028e-69
9.1415e-62
4.42442e-56
3.53628e-51
8.07269e-47
5.44288e-43
1.2295e-39
1.93312e-36
2.3148e-33
3.28595e-27
7.65046e-23
1.91689e-18
1.1457e-14
3.75264e-13
6.68556e-12
8.6417e-11
9.90981e-10
1.27434e-08
1.96585e-07
1.86975e-06
1.23803e-05
2.31208e-05
3.89315e-05
6.13962e-05
9.31333e-05
0.000136331
0.000194963
0.000270906
0.000359224
0.000453754
0.000561299
0.000681267
0.000807954
0.000946203
0.00110057
0.00127586
0.00147555
0.00169383
0.0019127
0.00210766
0.00230492
0.00251154
0.00273234
0.00297709
0.00324297
0.00351978
0.00380903
0.00414384
0.00452494
0.0074931
0.0309137
0.255382
