500000
0
0
0
0
0
0
0
0
0
0
3.43257e-293
2.12817e-245
2.32878e-206
4.04798e-177
1.13853e-151
7.48386e-132
2.14148e-116
1.12667e-105
3.95275e-98
1.55988e-92
1.02251e-87
1.92424e-83
1.07448e-79
2.01864e-76
2.64991e-73
2.65864e-70
2.15167e-66
2.99531e-62
5.66419e-58
2.68197e-54
1.04279e-50
4.59069e-47
1.37323e-43
3.9656e-40
4.53212e-36
3.34907e-31
1.36548e-27
3.03233e-24
2.36302e-23
1.76184e-22
1.20494e-21
7.90616e-21
4.88904e-20
2.98753e-19
1.7339e-18
8.43081e-18
3.28405e-17
1.19134e-16
4.04297e-16
1.23423e-15
3.61151e-15
1.05366e-14
3.15356e-14
9.80369e-14
3.04622e-13
8.69407e-13
2.0764e-12
4.7784e-12
1.09857e-11
2.57853e-11
6.41627e-11
1.67288e-10
4.41339e-10
1.1894e-09
3.66573e-09
1.54255e-08
8.55086e-08
5.58275e-07
5e-06
