1.5e-16
3.75e-17
1.66667e-17
9.375e-18
6e-18
4.16667e-18
3.06122e-18
2.34375e-18
1.85185e-18
1.5e-18
1.23967e-18
1.04167e-18
8.87574e-19
7.65306e-19
6.66667e-19
5.85938e-19
5.19031e-19
4.62963e-19
4.15512e-19
3.75e-19
3.40136e-19
3.09917e-19
2.83554e-19
2.60417e-19
2.4e-19
2.21893e-19
2.05761e-19
1.91327e-19
1.78359e-19
1.66667e-19
1.56087e-19
1.46484e-19
1.37741e-19
1.29758e-19
1.22449e-19
1.15741e-19
1.09569e-19
1.03878e-19
9.86193e-20
9.375e-20
8.92326e-20
8.5034e-20
8.11249e-20
7.74793e-20
7.40741e-20
7.08885e-20
6.7904e-20
6.51042e-20
6.2474e-20
6e-20
5.76701e-20
5.54734e-20
5.33998e-20
5.14403e-20
4.95868e-20
4.78316e-20
4.61681e-20
4.45898e-20
4.30911e-20
4.16667e-20
4.03117e-20
3.90219e-20
3.77929e-20
3.66211e-20
3.5503e-20
3.44353e-20
3.3415e-20
3.24394e-20
3.1506e-20
3.06122e-20
2.9756e-20
2.89352e-20
2.81479e-20
2.73923e-20
2.66667e-20
2.59695e-20
2.52994e-20
2.46548e-20
2.40346e-20
2.34375e-20
2.28624e-20
2.23081e-20
2.17738e-20
2.12585e-20
2.07612e-20
2.02812e-20
1.98177e-20
1.93698e-20
1.8937e-20
1.85185e-20
1.81138e-20
1.77221e-20
1.7343e-20
1.6976e-20
1.66205e-20
1.6276e-20
1.59422e-20
1.56185e-20
1.53046e-20
1.5e-20
1.47044e-20
1.44175e-20
1.41389e-20
1.38683e-20
1.36054e-20
1.33499e-20
1.31016e-20
1.28601e-20
1.26252e-20
1.23967e-20
1.21743e-20
1.19579e-20
1.17472e-20
1.1542e-20
1.13422e-20
1.11474e-20
1.09577e-20
1.07728e-20
1.05925e-20
1.04167e-20
1.02452e-20
1.00779e-20
9.91473e-21
9.75546e-21
9.6e-21
9.44822e-21
9.30002e-21
9.15527e-21
9.01388e-21
8.87574e-21
8.74075e-21
8.60882e-21
8.47985e-21
8.35375e-21
8.23045e-21
8.10986e-21
7.9919e-21
7.8765e-21
7.76357e-21
7.65306e-21
7.54489e-21
7.439e-21
7.33532e-21
7.2338e-21
7.13436e-21
7.03697e-21
6.94155e-21
6.84806e-21
6.75645e-21
6.66667e-21
6.57866e-21
6.49238e-21
6.40779e-21
6.32484e-21
6.2435e-21
6.16371e-21
6.08544e-21
6.00865e-21
5.93331e-21
5.85938e-21
5.78681e-21
5.71559e-21
5.61735e-21
5.52124e-21
5.42721e-21
5.33522e-21
5.24522e-21
5.15714e-21
5.07092e-21
4.98652e-21
4.9039e-21
4.82304e-21
4.74389e-21
4.66643e-21
4.59047e-21
4.51583e-21
4.44246e-21
4.37035e-21
4.29947e-21
4.22979e-21
4.16129e-21
4.09394e-21
4.02768e-21
3.96249e-21
3.89834e-21
3.83523e-21
3.77312e-21
3.71199e-21
3.65184e-21
3.59167e-21
3.53144e-21
3.47115e-21
3.41079e-21
3.35035e-21
3.28983e-21
3.22921e-21
3.16897e-21
3.10928e-21
3.05012e-21
2.99146e-21
2.93331e-21
2.87565e-21
2.81847e-21
2.76181e-21
2.7057e-21
2.65013e-21
2.5951e-21
2.54058e-21
2.48657e-21
2.43306e-21
2.38023e-21
2.32859e-21
2.27812e-21
2.22881e-21
2.18063e-21
2.13358e-21
2.08764e-21
2.04276e-21
1.99847e-21
1.95474e-21
1.91157e-21
1.86895e-21
1.82687e-21
1.78532e-21
1.7443e-21
1.70367e-21
1.66342e-21
1.62354e-21
1.58401e-21
1.54483e-21
1.506e-21
1.4675e-21
1.42947e-21
1.39197e-21
1.355e-21
1.31856e-21
1.28264e-21
1.24722e-21
1.21231e-21
1.17785e-21
1.14372e-21
1.10993e-21
1.07647e-21
1.04334e-21
1.01052e-21
9.78024e-22
9.45766e-22
9.13218e-22
8.80381e-22
8.47255e-22
8.13839e-22
7.80133e-22
7.46138e-22
7.11854e-22
6.77097e-22
6.41845e-22
6.061e-22
5.69862e-22
5.33134e-22
4.95918e-22
4.58213e-22
4.21333e-22
3.85967e-22
3.52102e-22
3.19725e-22
2.88822e-22
2.5938e-22
2.31388e-22
2.04426e-22
1.77925e-22
1.51881e-22
1.26289e-22
1.01144e-22
7.64419e-23
5.21774e-23
2.87471e-23
7.87074e-24
1.47315e-58
1.84006e-37
1.08183e-57
1.2769e-58
8.49198e-79
3.66381e-80
3.1109e-100
1.56427e-101
1.57908e-121
6.78315e-123
7.83114e-143
2.9341e-144
3.8116e-164
1.25956e-165
1.80489e-185
5.32125e-187
8.34317e-207
2.21932e-208
3.77379e-228
9.13718e-230
1.67855e-249
3.75383e-251
7.43189e-271
1.54031e-272
3.26422e-292
6.30097e-294
1.42294e-313
2.56707e-315
0.0
0.0
0.0
0.0
0.0
0.0
0.0
0.0
0.0
0.0
0.0
0.0
0.0
0.0
0.0
0.0
0.0
0.0
0.0
0.0
0.0
0.0
0.0
0.0
0.0
0.0
0.0
0.0
0.0
0.0
0.0
0.0
0.0
0.0
0.0
0.0
0.0
0.0
0.0
0.0
0.0
0.0
0.0
0.0
0.0
0.0
0.0
0.0
0.0
0.0
0.0
0.0
0.0
0.0
0.0
0.0
0.0
0.0
0.0
0.0
0.0
0.0
0.0
0.0
0.0
0.0
0.0
0.0
0.0
0.0
0.0
0.0
0.0
0.0
0.0
0.0
0.0
0.0
0.0
0.0
0.0
0.0
0.0
0.0
0.0
0.0
0.0
0.0
0.0
0.0
0.0
0.0
0.0
0.0
0.0
0.0
0.0
0.0
0.0
0.0
0.0
0.0
0.0
0.0
0.0
0.0
0.0
0.0
0.0
0.0
0.0
0.0
0.0
0.0
0.0
0.0
0.0
0.0
0.0
0.0
0.0
0.0
0.0
0.0
0.0
0.0
0.0
0.0
0.0
0.0
0.0
0.0
0.0
0.0
0.0
0.0
0.0
0.0
0.0
0.0
0.0
0.0
0.0
0.0
0.0
0.0
0.0
0.0
0.0
0.0
0.0
0.0
0.0
0.0
0.0
0.0
0.0
0.0
0.0
0.0
0.0
0.0
0.0
0.0
0.0
0.0
0.0
0.0
0.0
0.0
0.0
0.0
0.0
0.0
0.0
0.0
0.0
0.0
0.0
0.0
0.0
0.0
0.0
0.0
0.0
0.0
0.0
0.0
0.0
0.0
0.0
0.0
0.0
0.0
0.0
0.0
0.0
0.0
0.0
0.0
0.0
0.0
0.0
0.0
0.0
0.0
0.0
0.0
0.0
0.0
0.0
0.0
0.0
0.0
0.0
0.0
0.0
0.0
0.0
0.0
0.0
0.0
0.0
0.0
0.0
0.0
0.0
0.0
0.0
0.0
0.0
0.0
0.0
0.0
0.0
0.0
0.0
0.0
0.0
0.0
0.0
0.0
0.0
0.0
0.0
0.0
0.0
0.0
0.0
0.0
0.0
0.0
0.0
0.0
0.0
0.0
0.0
0.0
0.0
0.0
0.0
0.0
0.0
0.0
0.0
0.0
0.0
0.0
0.0
0.0
0.0
0.0
0.0
0.0
0.0
0.0
0.0
0.0
0.0
0.0
0.0
0.0
0.0
0.0
0.0
0.0
0.0
0.0
0.0
0.0
0.0
0.0
0.0
0.0
0.0
0.0
0.0
0.0
0.0
0.0
0.0
0.0
0.0
0.0
0.0
0.0
0.0
0.0
0.0
0.0
0.0
0.0
0.0
0.0
0.0
0.0
0.0
0.0
0.0
0.0
0.0
0.0
0.0
0.0
0.0
0.0
0.0
0.0
0.0
0.0
0.0
0.0
0.0
0.0
0.0
0.0
0.0
0.0
0.0
0.0
0.0
0.0
0.0
0.0
0.0
0.0
0.0
0.0
0.0
0.0
0.0
0.0
0.0
0.0
0.0
0.0
0.0
0.0
0.0
0.0
0.0
0.0
0.0
0.0
0.0
0.0
0.0
0.0
0.0
0.0
0.0
0.0
0.0
0.0
0.0
0.0
0.0
0.0
0.0
0.0
0.0
0.0
0.0
0.0
0.0
0.0
0.0
0.0
0.0
0.0
0.0
0.0
0.0
0.0
0.0
0.0
0.0
0.0
0.0
0.0
0.0
0.0
0.0
0.0
0.0
0.0
0.0
0.0
0.0
0.0
0.0
0.0
0.0
0.0
0.0
0.0
0.0
0.0
0.0
0.0
0.0
0.0
0.0
0.0
0.0
0.0
0.0
0.0
0.0
0.0
0.0
0.0
0.0
0.0
0.0
0.0
0.0
0.0
0.0
0.0
0.0
0.0
0.0
0.0
0.0
0.0
0.0
0.0
0.0
0.0
0.0
0.0
0.0
0.0
0.0
0.0
0.0
0.0
0.0
0.0
0.0
0.0
0.0
0.0
0.0
0.0
0.0
0.0
0.0
0.0
0.0
0.0
0.0
0.0
0.0
0.0
0.0
0.0
0.0
0.0
0.0
0.0
0.0
0.0
0.0
0.0
0.0
0.0
0.0
0.0
0.0
0.0
0.0
0.0
0.0
0.0
0.0
0.0
0.0
0.0
0.0
0.0
0.0
0.0
0.0
0.0
0.0
0.0
0.0
0.0
0.0
0.0
0.0
0.0
0.0
0.0
0.0
0.0
0.0
0.0
0.0
0.0
0.0
0.0
0.0
0.0
0.0
0.0
0.0
0.0
0.0
0.0
0.0
0.0
0.0
0.0
0.0
0.0
0.0
0.0
0.0
0.0
0.0
0.0
0.0
0.0
0.0
0.0
0.0
0.0
0.0
0.0
0.0
0.0
0.0
0.0
0.0
0.0
0.0
0.0
0.0
0.0
0.0
0.0
0.0
0.0
0.0
0.0
0.0
0.0
0.0
0.0
0.0
0.0
0.0
0.0
0.0
0.0
0.0
0.0
0.0
0.0
0.0
0.0
0.0
0.0
0.0
0.0
0.0
0.0
0.0
0.0
0.0
0.0
0.0
0.0
0.0
0.0
0.0
0.0
0.0
0.0
0.0
0.0
0.0
0.0
0.0
0.0
0.0
0.0
0.0
0.0
0.0
0.0
0.0
0.0
0.0
0.0
0.0
0.0
0.0
0.0
0.0
0.0
0.0
0.0
0.0
0.0
0.0
0.0
0.0
0.0
0.0
0.0
0.0
0.0
0.0
0.0
0.0
0.0
0.0
0.0
0.0
0.0
0.0
0.0
0.0
0.0
0.0
0.0
0.0
0.0
0.0
0.0
0.0
0.0
0.0
0.0
0.0
0.0
0.0
0.0
0.0
0.0
0.0
0.0
0.0
0.0
0.0
0.0
0.0
0.0
0.0
0.0
0.0
0.0
0.0
0.0
0.0
0.0
0.0
0.0
0.0
0.0
0.0
0.0
0.0
0.0
0.0
0.0
0.0
0.0
0.0
0.0
0.0
break
1.5e-17
3.75e-18
1.66667e-18
9.375e-19
6e-19
4.16667e-19
3.06122e-19
2.34375e-19
1.85185e-19
1.5e-19
1.23967e-19
1.04167e-19
8.87574e-20
7.65306e-20
6.66667e-20
5.85938e-20
5.19031e-20
4.62963e-20
4.15512e-20
3.75e-20
3.40136e-20
3.09917e-20
2.83554e-20
2.60417e-20
2.4e-20
2.21893e-20
2.05761e-20
1.91327e-20
1.78359e-20
1.66667e-20
1.56087e-20
1.46484e-20
1.37741e-20
1.29758e-20
1.22449e-20
1.15741e-20
1.09569e-20
1.03878e-20
9.86193e-21
9.375e-21
8.92326e-21
8.5034e-21
8.11249e-21
7.74793e-21
7.40741e-21
7.08885e-21
6.7904e-21
6.51042e-21
6.2474e-21
6e-21
5.76701e-21
5.54734e-21
5.33998e-21
5.14403e-21
4.95868e-21
4.78316e-21
4.61681e-21
4.45898e-21
4.30911e-21
4.16667e-21
4.03117e-21
3.90219e-21
3.77929e-21
3.66211e-21
3.5503e-21
3.44353e-21
3.3415e-21
3.24394e-21
3.1506e-21
3.06122e-21
2.9756e-21
2.89352e-21
2.81479e-21
2.73923e-21
2.66667e-21
2.59695e-21
2.52994e-21
2.46548e-21
2.40346e-21
2.34375e-21
2.28624e-21
2.23081e-21
2.17738e-21
2.12585e-21
2.07612e-21
2.02812e-21
1.98177e-21
1.93698e-21
1.8937e-21
1.85185e-21
1.81138e-21
1.77221e-21
1.7343e-21
1.6976e-21
1.66205e-21
1.6276e-21
1.59422e-21
1.56185e-21
1.53046e-21
1.5e-21
1.47044e-21
1.44175e-21
1.41389e-21
1.38683e-21
1.36054e-21
1.33499e-21
1.31016e-21
1.28601e-21
1.26252e-21
1.23967e-21
1.21743e-21
1.19579e-21
1.17472e-21
1.1542e-21
1.13422e-21
1.11474e-21
1.09577e-21
1.07728e-21
1.05925e-21
1.04167e-21
1.02452e-21
1.00779e-21
9.91473e-22
9.75546e-22
9.6e-22
9.44822e-22
9.30002e-22
9.15527e-22
9.01388e-22
8.87574e-22
8.74075e-22
8.60882e-22
8.47985e-22
8.35375e-22
8.23045e-22
8.10986e-22
7.9919e-22
7.8765e-22
7.76357e-22
7.65306e-22
7.54489e-22
7.439e-22
7.33532e-22
7.2338e-22
7.13436e-22
7.03697e-22
6.94155e-22
6.84806e-22
6.75645e-22
6.66667e-22
6.57866e-22
6.49238e-22
6.40779e-22
6.32484e-22
6.2435e-22
6.16371e-22
6.08544e-22
6.00865e-22
5.93331e-22
5.85938e-22
5.78681e-22
5.71559e-22
5.36054e-22
5.01533e-22
4.6798e-22
4.35377e-22
4.03708e-22
3.72922e-22
3.42985e-22
3.13884e-22
2.85604e-22
2.58131e-22
2.31452e-22
2.05555e-22
1.80292e-22
1.55479e-22
1.31108e-22
1.0717e-22
8.36572e-23
6.0562e-23
3.78768e-23
1.55867e-23
1.50816e-57
7.65574e-37
9.10671e-57
1.56621e-57
3.12864e-77
3.26184e-78
8.94981e-98
7.58189e-99
2.92224e-118
2.02347e-119
9.86029e-139
5.75773e-140
3.44209e-159
1.72974e-160
1.20171e-179
5.08569e-181
4.10467e-200
1.54054e-201
1.43868e-220
4.85175e-222
5.18673e-241
1.58295e-242
1.90973e-261
5.32045e-263
7.22911e-282
1.85676e-283
2.82411e-302
6.72199e-304
1.14e-322
0.0
0.0
0.0
0.0
0.0
0.0
0.0
0.0
0.0
0.0
0.0
0.0
0.0
0.0
0.0
0.0
0.0
0.0
0.0
0.0
0.0
0.0
0.0
0.0
0.0
0.0
0.0
0.0
0.0
0.0
0.0
0.0
0.0
0.0
0.0
0.0
0.0
0.0
0.0
0.0
0.0
0.0
0.0
0.0
0.0
0.0
0.0
0.0
0.0
0.0
0.0
0.0
0.0
0.0
0.0
0.0
0.0
0.0
0.0
0.0
0.0
0.0
0.0
0.0
0.0
0.0
0.0
0.0
0.0
0.0
0.0
0.0
0.0
0.0
0.0
0.0
0.0
0.0
0.0
0.0
0.0
0.0
0.0
0.0
0.0
0.0
0.0
0.0
0.0
0.0
0.0
0.0
0.0
0.0
0.0
0.0
0.0
0.0
0.0
0.0
0.0
0.0
0.0
0.0
0.0
0.0
0.0
0.0
0.0
0.0
0.0
0.0
0.0
0.0
0.0
0.0
0.0
0.0
0.0
0.0
0.0
0.0
0.0
0.0
0.0
0.0
0.0
0.0
0.0
0.0
0.0
0.0
0.0
0.0
0.0
0.0
0.0
0.0
0.0
0.0
0.0
0.0
0.0
0.0
0.0
0.0
0.0
0.0
0.0
0.0
0.0
0.0
0.0
0.0
0.0
0.0
0.0
0.0
0.0
0.0
0.0
0.0
0.0
0.0
0.0
0.0
0.0
0.0
0.0
0.0
0.0
0.0
0.0
0.0
0.0
0.0
0.0
0.0
0.0
0.0
0.0
0.0
0.0
0.0
0.0
0.0
0.0
0.0
0.0
0.0
0.0
0.0
0.0
0.0
0.0
0.0
0.0
0.0
0.0
0.0
0.0
0.0
0.0
0.0
0.0
0.0
0.0
0.0
0.0
0.0
0.0
0.0
0.0
0.0
0.0
0.0
0.0
0.0
0.0
0.0
0.0
0.0
0.0
0.0
0.0
0.0
0.0
0.0
0.0
0.0
0.0
0.0
0.0
0.0
0.0
0.0
0.0
0.0
0.0
0.0
0.0
0.0
0.0
0.0
0.0
0.0
0.0
0.0
0.0
0.0
0.0
0.0
0.0
0.0
0.0
0.0
0.0
0.0
0.0
0.0
0.0
0.0
0.0
0.0
0.0
0.0
0.0
0.0
0.0
0.0
0.0
0.0
0.0
0.0
0.0
0.0
0.0
0.0
0.0
0.0
0.0
0.0
0.0
0.0
0.0
0.0
0.0
0.0
0.0
0.0
0.0
0.0
0.0
0.0
0.0
0.0
0.0
0.0
0.0
0.0
0.0
0.0
0.0
0.0
0.0
0.0
0.0
0.0
0.0
0.0
0.0
0.0
0.0
0.0
0.0
0.0
0.0
0.0
0.0
0.0
0.0
0.0
0.0
0.0
0.0
0.0
0.0
0.0
0.0
0.0
0.0
0.0
0.0
0.0
0.0
0.0
0.0
0.0
0.0
0.0
0.0
0.0
0.0
0.0
0.0
0.0
0.0
0.0
0.0
0.0
0.0
0.0
0.0
0.0
0.0
0.0
0.0
0.0
0.0
0.0
0.0
0.0
0.0
0.0
0.0
0.0
0.0
0.0
0.0
0.0
0.0
0.0
0.0
0.0
0.0
0.0
0.0
0.0
0.0
0.0
0.0
0.0
0.0
0.0
0.0
0.0
0.0
0.0
0.0
0.0
0.0
0.0
0.0
0.0
0.0
0.0
0.0
0.0
0.0
0.0
0.0
0.0
0.0
0.0
0.0
0.0
0.0
0.0
0.0
0.0
0.0
0.0
0.0
0.0
0.0
0.0
0.0
0.0
0.0
0.0
0.0
0.0
0.0
0.0
0.0
0.0
0.0
0.0
0.0
0.0
0.0
0.0
0.0
0.0
0.0
0.0
0.0
0.0
0.0
0.0
0.0
0.0
0.0
0.0
0.0
0.0
0.0
0.0
0.0
0.0
0.0
0.0
0.0
0.0
0.0
0.0
0.0
0.0
0.0
0.0
0.0
0.0
0.0
0.0
0.0
0.0
0.0
0.0
0.0
0.0
0.0
0.0
0.0
0.0
0.0
0.0
0.0
0.0
0.0
0.0
0.0
0.0
0.0
0.0
0.0
0.0
0.0
0.0
0.0
0.0
0.0
0.0
0.0
0.0
0.0
0.0
0.0
0.0
0.0
0.0
0.0
0.0
0.0
0.0
0.0
0.0
0.0
0.0
0.0
0.0
0.0
0.0
0.0
0.0
0.0
0.0
0.0
0.0
0.0
0.0
0.0
0.0
0.0
0.0
0.0
0.0
0.0
0.0
0.0
0.0
0.0
0.0
0.0
0.0
0.0
0.0
0.0
0.0
0.0
0.0
0.0
0.0
0.0
0.0
0.0
0.0
0.0
0.0
0.0
0.0
0.0
0.0
0.0
0.0
0.0
0.0
0.0
0.0
0.0
0.0
0.0
0.0
0.0
0.0
0.0
0.0
0.0
0.0
0.0
0.0
0.0
0.0
0.0
0.0
0.0
0.0
0.0
0.0
0.0
0.0
0.0
0.0
0.0
0.0
0.0
0.0
0.0
0.0
0.0
0.0
0.0
0.0
0.0
0.0
0.0
0.0
0.0
0.0
0.0
0.0
0.0
0.0
0.0
0.0
0.0
0.0
0.0
0.0
0.0
0.0
0.0
0.0
0.0
0.0
0.0
0.0
0.0
0.0
0.0
0.0
0.0
0.0
0.0
0.0
0.0
0.0
0.0
0.0
0.0
0.0
0.0
0.0
0.0
0.0
0.0
0.0
0.0
0.0
0.0
0.0
0.0
0.0
0.0
0.0
0.0
0.0
0.0
0.0
0.0
0.0
0.0
0.0
0.0
0.0
0.0
0.0
0.0
0.0
0.0
0.0
0.0
0.0
0.0
0.0
0.0
0.0
0.0
0.0
0.0
0.0
0.0
0.0
0.0
0.0
0.0
0.0
0.0
0.0
0.0
0.0
0.0
0.0
0.0
0.0
0.0
0.0
0.0
0.0
0.0
0.0
0.0
0.0
0.0
0.0
0.0
0.0
0.0
0.0
0.0
0.0
0.0
0.0
0.0
0.0
0.0
0.0
0.0
0.0
0.0
0.0
0.0
0.0
0.0
0.0
0.0
0.0
0.0
0.0
0.0
0.0
0.0
0.0
0.0
0.0
0.0
0.0
0.0
0.0
0.0
0.0
0.0
0.0
0.0
0.0
0.0
0.0
0.0
0.0
0.0
0.0
0.0
0.0
0.0
0.0
0.0
0.0
0.0
0.0
0.0
0.0
0.0
0.0
0.0
0.0
0.0
0.0
0.0
0.0
0.0
0.0
0.0
0.0
0.0
0.0
0.0
0.0
0.0
0.0
0.0
0.0
0.0
0.0
0.0
0.0
0.0
0.0
0.0
0.0
0.0
0.0
0.0
0.0
0.0
0.0
0.0
0.0
0.0
0.0
0.0
break
1.5e-18
3.75e-19
1.66667e-19
9.375e-20
6e-20
4.16667e-20
3.06122e-20
2.34375e-20
1.85185e-20
1.5e-20
1.23967e-20
1.04167e-20
8.87574e-21
7.65306e-21
6.66667e-21
5.85938e-21
5.19031e-21
4.62963e-21
4.15512e-21
3.75e-21
3.40136e-21
3.09917e-21
2.83554e-21
2.60417e-21
2.4e-21
2.21893e-21
2.05761e-21
1.91327e-21
1.78359e-21
1.66667e-21
1.56087e-21
1.46484e-21
1.37741e-21
1.29758e-21
1.22449e-21
1.15741e-21
1.09569e-21
1.03878e-21
9.86193e-22
9.375e-22
8.92326e-22
8.5034e-22
8.11249e-22
7.74793e-22
7.40741e-22
7.08885e-22
6.7904e-22
6.51042e-22
6.2474e-22
6e-22
5.76701e-22
5.54734e-22
5.33998e-22
5.14403e-22
4.95868e-22
4.78316e-22
4.61681e-22
4.45898e-22
4.30911e-22
4.16667e-22
4.03117e-22
3.90219e-22
3.77929e-22
3.66211e-22
3.5503e-22
3.44353e-22
3.3415e-22
3.24394e-22
3.1506e-22
3.06122e-22
2.9756e-22
2.89352e-22
2.81479e-22
2.73923e-22
2.66667e-22
2.59695e-22
2.52994e-22
2.46548e-22
2.40346e-22
2.34375e-22
2.28624e-22
2.23081e-22
2.17738e-22
2.12585e-22
2.07612e-22
2.02812e-22
1.98177e-22
1.93698e-22
1.8937e-22
1.85185e-22
1.81138e-22
1.77221e-22
1.7343e-22
1.6976e-22
1.66205e-22
1.6276e-22
1.59422e-22
1.56185e-22
1.53046e-22
1.5e-22
1.47044e-22
1.44175e-22
1.41389e-22
1.38683e-22
1.36054e-22
1.33499e-22
1.31016e-22
1.28601e-22
1.26252e-22
1.23967e-22
1.21743e-22
1.19579e-22
1.17472e-22
1.1542e-22
1.13422e-22
1.11474e-22
1.09577e-22
1.07728e-22
1.05925e-22
1.04167e-22
1.02452e-22
1.00779e-22
9.91473e-23
9.75546e-23
9.6e-23
9.44822e-23
9.30002e-23
9.15527e-23
9.01388e-23
8.87574e-23
8.74075e-23
8.60882e-23
8.47985e-23
8.35375e-23
8.23045e-23
8.10986e-23
7.9919e-23
7.8765e-23
7.76357e-23
7.65306e-23
7.54489e-23
7.439e-23
7.33532e-23
7.2338e-23
7.13436e-23
7.03697e-23
6.94155e-23
6.84806e-23
6.75645e-23
6.66667e-23
6.57866e-23
6.49238e-23
6.40779e-23
6.32484e-23
6.2435e-23
6.16371e-23
6.08544e-23
6.00865e-23
5.93331e-23
5.85938e-23
5.78681e-23
5.71559e-23
2.79234e-23
5.74357e-57
2.62883e-36
3.48217e-56
5.86538e-57
1.31869e-76
1.33409e-77
4.09735e-97
3.07102e-98
1.20103e-117
7.11954e-119
3.39316e-138
1.67745e-139
9.68482e-159
4.13943e-160
2.78741e-179
1.04014e-180
8.03867e-200
2.65959e-201
2.33097e-220
6.94385e-222
6.84577e-241
1.85043e-242
2.03085e-261
5.0212e-263
6.09046e-282
1.39744e-283
2.02499e-302
4.72497e-304
8e-323
0.0
0.0
0.0
0.0
0.0
0.0
0.0
0.0
0.0
0.0
0.0
0.0
0.0
0.0
0.0
0.0
0.0
0.0
0.0
0.0
0.0
0.0
0.0
0.0
0.0
0.0
0.0
0.0
0.0
0.0
0.0
0.0
0.0
0.0
0.0
0.0
0.0
0.0
0.0
0.0
0.0
0.0
0.0
0.0
0.0
0.0
0.0
0.0
0.0
0.0
0.0
0.0
0.0
0.0
0.0
0.0
0.0
0.0
0.0
0.0
0.0
0.0
0.0
0.0
0.0
0.0
0.0
0.0
0.0
0.0
0.0
0.0
0.0
0.0
0.0
0.0
0.0
0.0
0.0
0.0
0.0
0.0
0.0
0.0
0.0
0.0
0.0
0.0
0.0
0.0
0.0
0.0
0.0
0.0
0.0
0.0
0.0
0.0
0.0
0.0
0.0
0.0
0.0
0.0
0.0
0.0
0.0
0.0
0.0
0.0
0.0
0.0
0.0
0.0
0.0
0.0
0.0
0.0
0.0
0.0
0.0
0.0
0.0
0.0
0.0
0.0
0.0
0.0
0.0
0.0
0.0
0.0
0.0
0.0
0.0
0.0
0.0
0.0
0.0
0.0
0.0
0.0
0.0
0.0
0.0
0.0
0.0
0.0
0.0
0.0
0.0
0.0
0.0
0.0
0.0
0.0
0.0
0.0
0.0
0.0
0.0
0.0
0.0
0.0
0.0
0.0
0.0
0.0
0.0
0.0
0.0
0.0
0.0
0.0
0.0
0.0
0.0
0.0
0.0
0.0
0.0
0.0
0.0
0.0
0.0
0.0
0.0
0.0
0.0
0.0
0.0
0.0
0.0
0.0
0.0
0.0
0.0
0.0
0.0
0.0
0.0
0.0
0.0
0.0
0.0
0.0
0.0
0.0
0.0
0.0
0.0
0.0
0.0
0.0
0.0
0.0
0.0
0.0
0.0
0.0
0.0
0.0
0.0
0.0
0.0
0.0
0.0
0.0
0.0
0.0
0.0
0.0
0.0
0.0
0.0
0.0
0.0
0.0
0.0
0.0
0.0
0.0
0.0
0.0
0.0
0.0
0.0
0.0
0.0
0.0
0.0
0.0
0.0
0.0
0.0
0.0
0.0
0.0
0.0
0.0
0.0
0.0
0.0
0.0
0.0
0.0
0.0
0.0
0.0
0.0
0.0
0.0
0.0
0.0
0.0
0.0
0.0
0.0
0.0
0.0
0.0
0.0
0.0
0.0
0.0
0.0
0.0
0.0
0.0
0.0
0.0
0.0
0.0
0.0
0.0
0.0
0.0
0.0
0.0
0.0
0.0
0.0
0.0
0.0
0.0
0.0
0.0
0.0
0.0
0.0
0.0
0.0
0.0
0.0
0.0
0.0
0.0
0.0
0.0
0.0
0.0
0.0
0.0
0.0
0.0
0.0
0.0
0.0
0.0
0.0
0.0
0.0
0.0
0.0
0.0
0.0
0.0
0.0
0.0
0.0
0.0
0.0
0.0
0.0
0.0
0.0
0.0
0.0
0.0
0.0
0.0
0.0
0.0
0.0
0.0
0.0
0.0
0.0
0.0
0.0
0.0
0.0
0.0
0.0
0.0
0.0
0.0
0.0
0.0
0.0
0.0
0.0
0.0
0.0
0.0
0.0
0.0
0.0
0.0
0.0
0.0
0.0
0.0
0.0
0.0
0.0
0.0
0.0
0.0
0.0
0.0
0.0
0.0
0.0
0.0
0.0
0.0
0.0
0.0
0.0
0.0
0.0
0.0
0.0
0.0
0.0
0.0
0.0
0.0
0.0
0.0
0.0
0.0
0.0
0.0
0.0
0.0
0.0
0.0
0.0
0.0
0.0
0.0
0.0
0.0
0.0
0.0
0.0
0.0
0.0
0.0
0.0
0.0
0.0
0.0
0.0
0.0
0.0
0.0
0.0
0.0
0.0
0.0
0.0
0.0
0.0
0.0
0.0
0.0
0.0
0.0
0.0
0.0
0.0
0.0
0.0
0.0
0.0
0.0
0.0
0.0
0.0
0.0
0.0
0.0
0.0
0.0
0.0
0.0
0.0
0.0
0.0
0.0
0.0
0.0
0.0
0.0
0.0
0.0
0.0
0.0
0.0
0.0
0.0
0.0
0.0
0.0
0.0
0.0
0.0
0.0
0.0
0.0
0.0
0.0
0.0
0.0
0.0
0.0
0.0
0.0
0.0
0.0
0.0
0.0
0.0
0.0
0.0
0.0
0.0
0.0
0.0
0.0
0.0
0.0
0.0
0.0
0.0
0.0
0.0
0.0
0.0
0.0
0.0
0.0
0.0
0.0
0.0
0.0
0.0
0.0
0.0
0.0
0.0
0.0
0.0
0.0
0.0
0.0
0.0
0.0
0.0
0.0
0.0
0.0
0.0
0.0
0.0
0.0
0.0
0.0
0.0
0.0
0.0
0.0
0.0
0.0
0.0
0.0
0.0
0.0
0.0
0.0
0.0
0.0
0.0
0.0
0.0
0.0
0.0
0.0
0.0
0.0
0.0
0.0
0.0
0.0
0.0
0.0
0.0
0.0
0.0
0.0
0.0
0.0
0.0
0.0
0.0
0.0
0.0
0.0
0.0
0.0
0.0
0.0
0.0
0.0
0.0
0.0
0.0
0.0
0.0
0.0
0.0
0.0
0.0
0.0
0.0
0.0
0.0
0.0
0.0
0.0
0.0
0.0
0.0
0.0
0.0
0.0
0.0
0.0
0.0
0.0
0.0
0.0
0.0
0.0
0.0
0.0
0.0
0.0
0.0
0.0
0.0
0.0
0.0
0.0
0.0
0.0
0.0
0.0
0.0
0.0
0.0
0.0
0.0
0.0
0.0
0.0
0.0
0.0
0.0
0.0
0.0
0.0
0.0
0.0
0.0
0.0
0.0
0.0
0.0
0.0
0.0
0.0
0.0
0.0
0.0
0.0
0.0
0.0
0.0
0.0
0.0
0.0
0.0
0.0
0.0
0.0
0.0
0.0
0.0
0.0
0.0
0.0
0.0
0.0
0.0
0.0
0.0
0.0
0.0
0.0
0.0
0.0
0.0
0.0
0.0
0.0
0.0
0.0
0.0
0.0
0.0
0.0
0.0
0.0
0.0
0.0
0.0
0.0
0.0
0.0
0.0
0.0
0.0
0.0
0.0
0.0
0.0
0.0
0.0
0.0
0.0
0.0
0.0
0.0
0.0
0.0
0.0
0.0
0.0
0.0
0.0
0.0
0.0
0.0
0.0
0.0
0.0
0.0
0.0
0.0
0.0
0.0
0.0
0.0
0.0
0.0
0.0
0.0
0.0
0.0
0.0
0.0
0.0
0.0
0.0
0.0
0.0
0.0
0.0
0.0
0.0
0.0
0.0
0.0
0.0
0.0
0.0
0.0
0.0
0.0
0.0
0.0
0.0
0.0
0.0
0.0
0.0
0.0
0.0
0.0
0.0
0.0
0.0
0.0
0.0
0.0
0.0
0.0
0.0
0.0
0.0
0.0
0.0
0.0
0.0
0.0
0.0
0.0
0.0
0.0
0.0
0.0
0.0
0.0
0.0
break
