0.001
0.1
0.000144928
1
1
1
1
1
1
1
1
1
1
1
1
0.999999
0.999999
0.999999
0.999998
0.999997
0.999996
0.999994
0.999992
0.999988
0.999982
0.999974
0.999963
0.999944
0.999892
0.999657
0.998591
0.99473
0.983782
0.959158
0.914543
0.84827
0.76571
0.67702
0.592223
0.51771
0.455734
0.405746
0.365954
0.334326
0.309051
0.288668
0.272048
0.258339
0.246898
0.23724
0.228998
0.221892
0.215705
0.210269
0.205451
0.201147
0.197273
0.193762
0.190558
0.187618
0.184904
0.182386
0.180038
0.177838
0.17577
0.173818
0.171968
0.170211
0.168536
0.166936
0.165403
0.163557
break
1
1
1
1
1
1
1
1
1
1
1
1
1
1
1
1
1
1
1
1
1
1
1
1
0.999998
0.999977
0.999832
0.999121
0.996577
0.989641
0.974736
0.948527
0.909213
0.857029
0.794374
0.725648
0.656208
0.590757
0.532253
0.481822
0.439305
0.403876
0.374493
0.350129
0.329876
0.312971
0.298788
0.286819
0.276656
0.267972
0.260501
0.25403
0.248388
0.243433
0.239053
0.235153
0.231658
0.228505
0.225641
0.223024
0.220619
0.218396
0.216329
0.214399
0.212587
0.21088
0.209265
0.207631
0.205723
break
1
1
1
1
1
1
1
1
1
1
1
1
1
1
1
1
1
1
1
1
1
1
1
1
1
0.999999
0.999994
0.999958
0.999749
0.998741
0.994955
0.984281
0.961529
0.923526
0.871338
0.809485
0.743554
0.67839
0.61738
0.56244
0.514296
0.472867
0.43762
0.407825
0.382718
0.361577
0.34376
0.328714
0.315971
0.305139
0.295891
0.287958
0.281118
0.275187
0.270013
0.265471
0.261459
0.257892
0.254698
0.25182
0.24921
0.246827
0.244639
0.242617
0.240739
0.238985
0.237239
0.235543
0.233593
break
1
1
1
1
1
1
1
1
1
1
1
1
1
1
1
1
1
1
1
1
1
1
1
1
1
1
0.999999
0.999991
0.999911
0.999426
0.997415
0.991393
0.977579
0.952155
0.913268
0.862322
0.803401
0.741441
0.680635
0.623797
0.57243
0.527074
0.487657
0.453765
0.424824
0.400216
0.379339
0.36164
0.346628
0.333876
0.323018
0.313743
0.305792
0.298945
0.293021
0.287866
0.283354
0.279383
0.275863
0.272724
0.269905
0.267357
0.265039
0.262917
0.260962
0.259052
0.257219
0.255477
0.253494
break
1
1
1
1
1
1
1
1
1
1
1
1
1
1
1
1
1
1
1
1
1
1
1
1
1
1
1
0.999998
0.999977
0.999807
0.998892
0.995491
0.986387
0.967836
0.937387
0.895108
0.843505
0.786469
0.728
0.67132
0.618551
0.570822
0.528525
0.491581
0.459641
0.432222
0.408795
0.388838
0.371861
0.357423
0.345134
0.334655
0.325698
0.318015
0.311399
0.305676
0.300699
0.296348
0.29252
0.289131
0.286112
0.283405
0.28096
0.278738
0.276606
0.274591
0.272697
0.270923
0.268911
break
1
1
1
1
1
1
1
1
1
1
1
1
1
1
1
1
1
1
1
1
1
1
1
1
1
1
1
0.999999
0.999989
0.999898
0.999362
0.997203
0.990943
0.977149
0.952877
0.917199
0.8716
0.819212
0.763659
0.708181
0.655193
0.606223
0.562051
0.522911
0.488682
0.459033
0.433527
0.41169
0.393051
0.377168
0.36364
0.352109
0.342266
0.333843
0.326612
0.32038
0.314985
0.310291
0.306184
0.302568
0.299366
0.296511
0.293948
0.291535
0.289285
0.287197
0.28526
0.283462
0.281426
break
1
1
1
1
1
1
1
1
1
1
1
1
1
1
1
1
1
1
1
1
1
1
1
1
1
1
1
1
0.999995
0.999944
0.999609
0.998134
0.993545
0.982836
0.963029
0.932566
0.892028
0.843803
0.791129
0.737183
0.684539
0.634994
0.589618
0.548904
0.512935
0.481526
0.454337
0.430949
0.410919
0.393813
0.379226
0.36679
0.35618
0.347113
0.339345
0.332667
0.326904
0.321907
0.317552
0.313735
0.310369
0.307382
0.304616
0.302074
0.299741
0.297601
0.295633
0.293816
0.29176
break
1
1
1
1
1
1
1
1
1
1
1
1
1
1
1
1
1
1
1
1
1
1
1
1
1
1
1
1
0.999997
0.999964
0.999735
0.998669
0.995165
0.986577
0.970001
0.943544
0.907162
0.862594
0.812643
0.760338
0.708324
0.65859
0.612436
0.570573
0.533261
0.50045
0.471888
0.447214
0.426018
0.407877
0.392387
0.379175
0.367904
0.358279
0.350044
0.342977
0.336892
0.33163
0.327058
0.323063
0.319553
0.316353
0.313448
0.310814
0.308423
0.306244
0.304251
0.302418
0.300345
break
1
1
1
1
1
1
1
1
1
1
1
1
1
1
1
1
1
1
1
1
1
1
1
1
1
1
1
1
0.999998
0.999975
0.999809
0.998996
0.996215
0.989133
0.974973
0.951641
0.918637
0.877184
0.829695
0.779005
0.727763
0.678082
0.631443
0.588737
0.550378
0.516436
0.486746
0.461001
0.438821
0.419801
0.403539
0.38966
0.377819
0.367712
0.35907
0.351665
0.345299
0.339805
0.335042
0.330891
0.327159
0.323811
0.320807
0.318107
0.31567
0.313461
0.311447
0.309601
0.307514
break
1
1
1
1
1
1
1
1
1
1
1
1
1
1
1
1
1
1
1
1
1
1
1
1
1
1
1
1
0.999998
0.999982
0.999854
0.999211
0.996931
0.990941
0.978612
0.957747
0.927509
0.888697
0.843377
0.794194
0.743763
0.694277
0.647351
0.604024
0.564845
0.529988
0.499365
0.472723
0.449713
0.429944
0.413022
0.398569
0.386236
0.37571
0.366717
0.359017
0.352406
0.346709
0.341779
0.337398
0.333509
0.330053
0.326976
0.324225
0.321752
0.319518
0.317487
0.31563
0.31353
break
1
1
1
1
1
1
1
1
1
1
1
1
1
1
1
1
1
1
1
1
1
1
1
1
1
1
1
1
0.999999
0.999986
0.999884
0.999357
0.997439
0.992263
0.981345
0.962443
0.934474
0.897897
0.854472
0.80666
0.757024
0.707806
0.660724
0.616938
0.57711
0.541507
0.510112
0.482717
0.459002
0.438595
0.421107
0.40616
0.393402
0.382514
0.373216
0.36526
0.358436
0.352562
0.347393
0.342847
0.338843
0.335308
0.332174
0.329382
0.326879
0.324624
0.322578
0.320712
0.318602
break
1
1
1
1
1
1
1
1
1
1
1
1
1
1
1
1
1
1
1
1
1
1
1
1
1
1
1
1
0.999999
0.999988
0.999905
0.999461
0.997809
0.993254
0.983441
0.966117
0.940018
0.905329
0.863548
0.816965
0.76808
0.719162
0.67201
0.627882
0.587538
0.551324
0.519285
0.491255
0.466943
0.445991
0.428017
0.412645
0.39952
0.388319
0.378755
0.370577
0.363567
0.357448
0.352107
0.347439
0.343349
0.339751
0.336571
0.333744
0.331217
0.328944
0.326886
0.325013
0.322894
break
1
1
1
1
1
1
1
1
1
1
1
1
1
1
1
1
1
1
1
1
1
1
1
1
1
1
1
1
0.999999
0.99999
0.999919
0.999537
0.998086
0.994012
0.985077
0.969034
0.944485
0.911392
0.871032
0.825537
0.777344
0.728734
0.681568
0.637186
0.596427
0.559709
0.527131
0.498564
0.473743
0.452325
0.433934
0.418196
0.404754
0.393282
0.383488
0.375117
0.367855
0.361557
0.356088
0.351328
0.34717
0.343521
0.340302
0.337447
0.334898
0.33261
0.330543
0.328663
0.326536
break
1
1
1
1
1
1
1
1
1
1
1
1
1
1
1
1
1
1
1
1
1
1
1
1
1
1
1
1
0.999999
0.999992
0.99993
0.999594
0.998298
0.994603
0.986372
0.971377
0.948119
0.91638
0.877243
0.832706
0.785141
0.736832
0.689687
0.645113
0.60402
0.566885
0.533853
0.504832
0.479578
0.45776
0.43901
0.422956
0.40924
0.397534
0.38754
0.378913
0.371467
0.365034
0.359467
0.354633
0.350419
0.346728
0.343477
0.340597
0.338031
0.33573
0.333654
0.331769
0.329636
break
1
1
1
1
1
1
1
1
1
1
1
1
1
1
1
1
1
1
1
1
1
1
1
1
1
1
1
1
0.999999
0.999993
0.999939
0.999638
0.998464
0.99507
0.987412
0.97328
0.951102
0.920511
0.882429
0.838731
0.791729
0.743704
0.696601
0.651884
0.610519
0.573037
0.539622
0.510215
0.48459
0.462429
0.443371
0.427044
0.413092
0.401182
0.390931
0.382113
0.374527
0.36799
0.362344
0.35745
0.353189
0.349462
0.346184
0.343284
0.340703
0.338392
0.336308
0.334418
0.33228
break
1
1
1
1
1
1
1
1
1
1
1
1
1
1
1
1
1
1
1
1
1
1
1
1
1
1
1
1
1
0.999994
0.999945
0.999672
0.998595
0.995445
0.988255
0.97484
0.953569
0.923954
0.886781
0.843815
0.797314
0.749552
0.702504
0.657678
0.61609
0.578317
0.54458
0.514843
0.488901
0.466446
0.447122
0.43056
0.416402
0.404234
0.393788
0.384826
0.377131
0.370511
0.3648
0.359855
0.355555
0.351797
0.348496
0.345579
0.342986
0.340665
0.338575
0.336681
0.334539
break
1
1
1
1
1
1
1
1
1
1
1
1
1
1
1
1
1
1
1
1
1
1
1
1
1
1
1
1
1
0.999994
0.99995
0.999699
0.9987
0.995749
0.988945
0.976128
0.955623
0.926839
0.890448
0.848121
0.802062
0.754541
0.707552
0.662644
0.620874
0.582857
0.548845
0.518828
0.492613
0.469905
0.450352
0.433586
0.419172
0.406807
0.396213
0.387137
0.379353
0.372664
0.366899
0.361911
0.357578
0.353795
0.350474
0.347543
0.344939
0.34261
0.340515
0.338618
0.336471
break
1
1
1
1
1
1
1
1
1
1
1
1
1
1
1
1
1
1
1
1
1
1
1
1
1
1
1
1
1
0.999995
0.999954
0.999721
0.998786
0.995998
0.989514
0.977199
0.957341
0.929268
0.89355
0.851778
0.80611
0.758806
0.711878
0.666907
0.624986
0.586763
0.552519
0.522261
0.495813
0.472887
0.453135
0.436119
0.421507
0.40899
0.398279
0.38911
0.381254
0.374507
0.368695
0.363672
0.35931
0.355506
0.352168
0.349224
0.346611
0.344276
0.342176
0.340276
0.338126
break
1
1
1
1
1
1
1
1
1
1
1
1
1
1
1
1
1
1
1
1
1
1
1
1
1
1
1
1
1
0.999995
0.999957
0.999739
0.998855
0.996203
0.989987
0.978094
0.958786
0.931321
0.896183
0.854893
0.809569
0.762459
0.715591
0.670571
0.628525
0.590128
0.555685
0.525221
0.498573
0.475457
0.455464
0.438252
0.423488
0.410851
0.400043
0.390799
0.38288
0.376084
0.370234
0.365179
0.360794
0.356971
0.35362
0.350665
0.348044
0.345703
0.3436
0.341697
0.339544
break
1
1
1
1
1
1
1
1
1
1
1
1
1
1
1
1
1
1
1
1
1
1
1
1
1
1
1
1
1
0.999995
0.99996
0.999753
0.998913
0.996373
0.990382
0.978846
0.960006
0.933061
0.898424
0.857553
0.812529
0.765593
0.718781
0.673724
0.631573
0.593029
0.558416
0.527776
0.500953
0.47761
0.457426
0.440062
0.425176
0.41244
0.401553
0.392243
0.384273
0.377435
0.371552
0.366471
0.362066
0.358227
0.354864
0.3519
0.349272
0.346927
0.34482
0.342915
0.340759
break
1
1
1
1
1
1
1
1
1
1
1
1
1
1
1
1
1
1
1
1
1
1
1
1
1
1
1
1
1
0.999996
0.999962
0.999765
0.998961
0.996516
0.990714
0.979481
0.96104
0.934541
0.900335
0.859828
0.815067
0.768284
0.721526
0.67644
0.634202
0.595532
0.560774
0.52998
0.502949
0.479423
0.459089
0.441603
0.426617
0.413799
0.402844
0.39348
0.385466
0.378592
0.372681
0.367578
0.363156
0.359303
0.35593
0.352958
0.350325
0.347975
0.345865
0.343958
0.341801
break
1
1
1
1
1
1
1
1
1
1
1
1
1
1
1
1
1
1
1
1
1
1
1
1
1
1
1
1
1
0.999996
0.999963
0.999775
0.999001
0.996635
0.990994
0.980018
0.961918
0.935803
0.90197
0.861778
0.817247
0.770599
0.723889
0.678781
0.636469
0.597693
0.562808
0.53183
0.504628
0.480959
0.460505
0.442919
0.427849
0.414961
0.40395
0.394539
0.386487
0.379583
0.373648
0.368527
0.364089
0.360225
0.356843
0.353865
0.351226
0.348873
0.346761
0.344852
0.342693
break
1
1
1
1
1
1
1
1
1
1
1
1
1
1
1
1
1
1
1
1
1
1
1
1
1
1
1
1
1
0.999996
0.999965
0.999783
0.999034
0.996736
0.991231
0.980475
0.962667
0.936881
0.90337
0.863451
0.81912
0.772592
0.725926
0.680801
0.638427
0.599558
0.564518
0.533387
0.506051
0.482266
0.461713
0.444042
0.428901
0.415955
0.404895
0.395444
0.38736
0.380431
0.374475
0.369338
0.364888
0.361014
0.357624
0.35464
0.351998
0.349642
0.347528
0.345618
0.343457
break
1
1
1
1
1
1
1
1
1
1
1
1
1
1
1
1
1
1
1
1
1
1
1
1
1
1
1
1
1
0.999996
0.999966
0.99979
0.999063
0.996821
0.991432
0.980864
0.963306
0.937804
0.904571
0.864889
0.820733
0.77431
0.727684
0.682545
0.640116
0.601127
0.565957
0.534705
0.50726
0.483379
0.462743
0.445001
0.4298
0.416804
0.405702
0.396218
0.388107
0.381156
0.375183
0.370032
0.365571
0.361689
0.358292
0.355304
0.352657
0.350299
0.348183
0.346272
0.34411
break
1
1
1
1
1
1
1
1
1
1
1
1
1
1
1
1
1
1
1
1
1
1
1
1
1
1
1
1
1
0.999996
0.999967
0.999796
0.999087
0.996893
0.991603
0.981196
0.963854
0.938596
0.905603
0.866127
0.822122
0.775791
0.7292
0.684049
0.641541
0.602449
0.567175
0.535825
0.50829
0.484329
0.463622
0.445819
0.430567
0.417528
0.406392
0.396879
0.388745
0.381775
0.375787
0.370624
0.366154
0.362265
0.358863
0.35587
0.353221
0.35086
0.348743
0.34683
0.344667
break
1
1
1
1
1
1
1
1
1
1
1
1
1
1
1
1
1
1
1
1
1
1
1
1
1
1
1
1
1
0.999996
0.999968
0.999801
0.999107
0.996955
0.991749
0.98148
0.964323
0.939276
0.90649
0.867192
0.82332
0.777069
0.730509
0.685321
0.642741
0.603567
0.568209
0.536777
0.509167
0.485137
0.464371
0.446517
0.431222
0.418146
0.40698
0.397443
0.389289
0.382303
0.376303
0.37113
0.366651
0.362756
0.35935
0.356353
0.353701
0.351339
0.34922
0.347307
0.345143
break
1
1
1
1
1
1
1
1
1
1
1
1
1
1
1
1
1
1
1
1
1
1
1
1
1
1
1
1
1
0.999997
0.999969
0.999806
0.999124
0.997008
0.991875
0.981723
0.964725
0.939861
0.907255
0.868111
0.824354
0.778171
0.731617
0.686393
0.643757
0.604516
0.569088
0.537588
0.509913
0.485826
0.465009
0.447111
0.431779
0.418673
0.407481
0.397924
0.389752
0.382753
0.376742
0.37156
0.367075
0.363175
0.359764
0.356765
0.354111
0.351746
0.349626
0.347713
0.345548
break
1
1
1
1
1
1
1
1
1
1
1
1
1
1
1
1
1
1
1
1
1
1
1
1
1
1
1
1
1
0.999997
0.999969
0.999809
0.999139
0.997053
0.991982
0.981932
0.965072
0.940364
0.907913
0.868904
0.825244
0.779107
0.732552
0.6873
0.644619
0.605322
0.569836
0.538277
0.510548
0.486412
0.465552
0.447617
0.432254
0.419121
0.407908
0.398333
0.390147
0.383136
0.377115
0.371927
0.367436
0.363531
0.360117
0.357115
0.354459
0.352093
0.349972
0.348058
0.345892
break
1
1
1
1
1
1
1
1
1
1
1
1
1
1
1
1
1
1
1
1
1
1
1
1
1
1
1
1
1
0.999997
0.99997
0.999812
0.999152
0.997091
0.992074
0.982112
0.96537
0.940798
0.908481
0.869586
0.826003
0.779898
0.733344
0.688069
0.64535
0.606007
0.570471
0.538863
0.511088
0.486911
0.466014
0.448048
0.432657
0.419503
0.408271
0.39868
0.390483
0.383462
0.377433
0.372238
0.367743
0.363834
0.360417
0.357413
0.354755
0.352388
0.350267
0.348352
0.346185
break
1
1
1
1
1
1
1
1
1
1
1
1
1
1
1
1
1
1
1
1
1
1
1
1
1
1
1
1
1
0.999997
0.99997
0.999815
0.999163
0.997124
0.992153
0.982266
0.965626
0.941171
0.90897
0.870168
0.826644
0.780567
0.734015
0.688722
0.645971
0.60659
0.571011
0.539362
0.511548
0.487335
0.466407
0.448414
0.433001
0.419828
0.40858
0.398976
0.390768
0.383739
0.377704
0.372503
0.368003
0.364091
0.360672
0.357666
0.355007
0.352639
0.350517
0.348601
0.346434
break
1
1
1
1
1
1
1
1
1
1
1
1
1
1
1
1
1
1
1
1
1
1
1
1
1
1
1
1
1
0.999997
0.999971
0.999817
0.999172
0.997153
0.992221
0.982399
0.965847
0.941493
0.909388
0.870662
0.827187
0.781135
0.734584
0.689277
0.646499
0.607084
0.57147
0.539786
0.511939
0.487696
0.466741
0.448726
0.433293
0.420104
0.408843
0.399228
0.391011
0.383975
0.377933
0.372728
0.368225
0.36431
0.360889
0.357881
0.355221
0.352852
0.350729
0.348813
0.346646
break
1
1
1
1
1
1
1
1
1
1
1
1
1
1
1
1
1
1
1
1
1
1
1
1
1
1
1
1
1
0.999997
0.999971
0.999819
0.99918
0.997177
0.992279
0.982514
0.966038
0.941768
0.909742
0.87108
0.827648
0.781616
0.735068
0.689748
0.646948
0.607505
0.571861
0.540146
0.512271
0.488003
0.467026
0.448991
0.433542
0.420338
0.409066
0.399442
0.391217
0.384175
0.378129
0.37292
0.368413
0.364496
0.361073
0.358064
0.355402
0.353033
0.35091
0.348994
0.346826
break
1
1
1
1
1
1
1
1
1
1
1
1
1
1
1
1
1
1
1
1
1
1
1
1
1
1
1
1
1
0.999997
0.999972
0.999821
0.999187
0.997198
0.99233
0.982613
0.966201
0.942002
0.910043
0.871434
0.828039
0.782025
0.735479
0.690148
0.647329
0.607863
0.572193
0.540453
0.512554
0.488264
0.467268
0.449216
0.433753
0.420538
0.409256
0.399624
0.391392
0.384345
0.378294
0.373082
0.368573
0.364654
0.361229
0.358219
0.355557
0.353187
0.351063
0.349147
0.346979
break
1
1
1
1
1
1
1
1
1
1
1
1
1
1
1
1
1
1
1
1
1
1
1
1
1
1
1
1
1
0.999997
0.999972
0.999822
0.999193
0.997217
0.992373
0.982697
0.966339
0.942201
0.910298
0.871735
0.82837
0.782372
0.735828
0.690488
0.647653
0.608167
0.572476
0.540714
0.512795
0.488486
0.467474
0.449408
0.433933
0.420708
0.409417
0.399778
0.391542
0.38449
0.378436
0.37322
0.368709
0.364788
0.361362
0.358351
0.355688
0.353318
0.351193
0.349277
0.347109
break
1
1
1
1
1
1
1
1
1
1
1
1
1
1
1
1
1
1
1
1
1
1
1
1
1
1
1
1
1
0.999997
0.999972
0.999824
0.999198
0.997232
0.99241
0.982769
0.966457
0.942369
0.910514
0.87199
0.828652
0.782667
0.736125
0.690777
0.647929
0.608426
0.572716
0.540936
0.513
0.488675
0.467649
0.449571
0.434086
0.420852
0.409554
0.39991
0.391668
0.384613
0.378556
0.373338
0.368825
0.364903
0.361476
0.358463
0.3558
0.353429
0.351304
0.349388
0.347219
break
1
1
1
1
1
1
1
1
1
1
1
1
1
1
1
1
1
1
1
1
1
1
1
1
1
1
1
1
1
0.999997
0.999972
0.999825
0.999202
0.997246
0.992442
0.98283
0.966557
0.942512
0.910698
0.872207
0.828892
0.782918
0.736377
0.691024
0.648164
0.608646
0.572921
0.541125
0.513174
0.488836
0.467798
0.44971
0.434216
0.420975
0.409671
0.400022
0.391776
0.384717
0.378658
0.373438
0.368923
0.365
0.361572
0.358559
0.355895
0.353524
0.351399
0.349482
0.347313
break
1
1
1
1
1
1
1
1
1
1
1
1
1
1
1
1
1
1
1
1
1
1
1
1
1
1
1
1
1
0.999997
0.999972
0.999826
0.999206
0.997257
0.992469
0.982882
0.966642
0.942633
0.910854
0.872391
0.829095
0.783131
0.736591
0.691233
0.648364
0.608834
0.573095
0.541286
0.513322
0.488973
0.467925
0.449828
0.434327
0.42108
0.409771
0.400117
0.391868
0.384806
0.378744
0.373523
0.369007
0.365083
0.361654
0.35864
0.355976
0.353604
0.351479
0.349562
0.347393
break
1
1
1
1
1
1
1
1
1
1
1
1
1
1
1
1
1
1
1
1
1
1
1
1
1
1
1
1
1
0.999997
0.999972
0.999826
0.999209
0.997267
0.992492
0.982926
0.966714
0.942736
0.910986
0.872548
0.829268
0.783313
0.736774
0.691411
0.648534
0.608993
0.573243
0.541423
0.513449
0.48909
0.468033
0.449929
0.434421
0.421169
0.409855
0.400198
0.391946
0.384882
0.378818
0.373596
0.369078
0.365153
0.361723
0.358709
0.356044
0.353673
0.351547
0.34963
0.347461
break
1
1
1
1
1
1
1
1
1
1
1
1
1
1
1
1
1
1
1
1
1
1
1
1
1
1
1
1
1
0.999997
0.999973
0.999827
0.999212
0.997275
0.992511
0.982963
0.966775
0.942824
0.911099
0.872681
0.829415
0.783467
0.736929
0.691563
0.648678
0.609129
0.57337
0.54154
0.513556
0.489189
0.468125
0.450015
0.434501
0.421244
0.409927
0.400267
0.392013
0.384946
0.378881
0.373657
0.369139
0.365213
0.361783
0.358768
0.356103
0.353731
0.351605
0.349688
0.347519
break
1
1
1
1
1
1
1
1
1
1
1
1
1
1
1
1
1
1
1
1
1
1
1
1
1
1
1
1
1
0.999997
0.999973
0.999828
0.999214
0.997282
0.992528
0.982995
0.966827
0.942898
0.911195
0.872794
0.82954
0.783598
0.737062
0.691692
0.648801
0.609245
0.573477
0.541639
0.513648
0.489273
0.468203
0.450087
0.43457
0.421309
0.409989
0.400326
0.392069
0.385001
0.378935
0.37371
0.369191
0.365264
0.361833
0.358818
0.356153
0.35378
0.351655
0.349738
0.347568
break
1
1
1
1
1
1
1
1
1
1
1
1
1
1
1
1
1
1
1
1
1
1
1
1
1
1
1
1
1
0.999997
0.999973
0.999828
0.999216
0.997288
0.992542
0.983022
0.966871
0.942961
0.911276
0.87289
0.829647
0.78371
0.737174
0.691802
0.648906
0.609343
0.573569
0.541724
0.513726
0.489345
0.46827
0.450149
0.434628
0.421364
0.410041
0.400376
0.392117
0.385048
0.37898
0.373754
0.369235
0.365307
0.361876
0.358861
0.356195
0.353823
0.351697
0.34978
0.34761
break
1
1
1
1
1
1
1
1
1
1
1
1
1
1
1
1
1
1
1
1
1
1
1
1
1
1
1
1
1
0.999997
0.999973
0.999829
0.999218
0.997293
0.992554
0.983045
0.966908
0.943015
0.911345
0.872972
0.829737
0.783805
0.73727
0.691895
0.648996
0.609427
0.573647
0.541796
0.513792
0.489407
0.468327
0.450202
0.434677
0.42141
0.410085
0.400418
0.392158
0.385088
0.379019
0.373792
0.369272
0.365344
0.361912
0.358897
0.356231
0.353859
0.351733
0.349815
0.347646
break
1
1
1
1
1
1
1
1
1
1
1
1
1
1
1
1
1
1
1
1
1
1
1
1
1
1
1
1
1
0.999997
0.999973
0.999829
0.999219
0.997297
0.992564
0.983064
0.96694
0.943061
0.911404
0.873042
0.829815
0.783886
0.737352
0.691975
0.649072
0.609499
0.573713
0.541857
0.513849
0.489459
0.468375
0.450247
0.434719
0.42145
0.410123
0.400454
0.392193
0.385122
0.379052
0.373825
0.369304
0.365375
0.361944
0.358928
0.356262
0.353889
0.351763
0.349846
0.347676
break
1
1
1
1
1
1
1
1
1
1
1
1
1
1
1
1
1
1
1
1
1
1
1
1
1
1
1
1
1
0.999997
0.999973
0.999829
0.999221
0.997301
0.992572
0.983081
0.966967
0.9431
0.911454
0.873101
0.82988
0.783955
0.737421
0.692043
0.649136
0.609559
0.573769
0.541909
0.513897
0.489503
0.468416
0.450285
0.434755
0.421484
0.410155
0.400485
0.392223
0.38515
0.37908
0.373852
0.369331
0.365402
0.36197
0.358954
0.356288
0.353915
0.351789
0.349872
0.347702
break
1
1
1
1
1
1
1
1
1
1
1
1
1
1
1
1
1
1
1
1
1
1
1
1
1
1
1
1
1
0.999997
0.999973
0.99983
0.999222
0.997304
0.992579
0.983095
0.966991
0.943133
0.911497
0.873152
0.829936
0.784014
0.73748
0.692101
0.649191
0.609611
0.573818
0.541954
0.513938
0.489541
0.468451
0.450318
0.434786
0.421513
0.410182
0.400511
0.392248
0.385175
0.379104
0.373876
0.369354
0.365425
0.361993
0.358977
0.35631
0.353937
0.351811
0.349894
0.347724
break
1
1
1
1
1
1
1
1
1
1
1
1
1
1
1
1
1
1
1
1
1
1
1
1
1
1
1
1
1
0.999997
0.999973
0.99983
0.999222
0.997306
0.992586
0.983107
0.96701
0.943161
0.911533
0.873195
0.829984
0.784064
0.73753
0.69215
0.649238
0.609655
0.573858
0.541991
0.513972
0.489573
0.468481
0.450346
0.434812
0.421537
0.410206
0.400533
0.39227
0.385196
0.379124
0.373895
0.369374
0.365444
0.362012
0.358996
0.356329
0.353956
0.35183
0.349913
0.347743
break
1
1
1
1
1
1
1
1
1
1
1
1
1
1
1
1
1
1
1
1
1
1
1
1
1
1
1
1
1
0.999997
0.999973
0.99983
0.999223
0.997309
0.992591
0.983117
0.967027
0.943185
0.911564
0.873231
0.830024
0.784106
0.737573
0.692192
0.649278
0.609693
0.573893
0.542024
0.514002
0.4896
0.468506
0.450369
0.434834
0.421558
0.410226
0.400552
0.392288
0.385213
0.379142
0.373912
0.36939
0.365461
0.362028
0.359012
0.356345
0.353972
0.351846
0.349929
0.347759
break
1
1
1
1
1
1
1
1
1
1
1
1
1
1
1
1
1
1
1
1
1
1
1
1
1
1
1
1
1
0.999997
0.999973
0.99983
0.999224
0.99731
0.992595
0.983126
0.967041
0.943205
0.91159
0.873263
0.830059
0.784142
0.73761
0.692227
0.649312
0.609725
0.573923
0.542051
0.514027
0.489624
0.468528
0.450389
0.434853
0.421576
0.410242
0.400569
0.392303
0.385229
0.379156
0.373927
0.369404
0.365475
0.362042
0.359026
0.356359
0.353986
0.35186
0.349942
0.347773
break
1
1
1
1
1
1
1
1
1
1
1
1
1
1
1
1
1
1
1
1
1
1
1
1
1
1
1
1
1
0.999997
0.999973
0.99983
0.999224
0.997312
0.992599
0.983133
0.967053
0.943223
0.911613
0.873289
0.830088
0.784173
0.737641
0.692258
0.649341
0.609752
0.573948
0.542074
0.514049
0.489643
0.468546
0.450406
0.434869
0.421591
0.410257
0.400582
0.392317
0.385241
0.379169
0.373939
0.369417
0.365487
0.362054
0.359038
0.356371
0.353998
0.351871
0.349954
0.347784
break
1
1
1
1
1
1
1
1
1
1
1
1
1
1
1
1
1
1
1
1
1
1
1
1
1
1
1
1
1
0.999997
0.999973
0.99983
0.999225
0.997313
0.992603
0.98314
0.967063
0.943237
0.911632
0.873312
0.830113
0.784199
0.737667
0.692283
0.649366
0.609775
0.57397
0.542094
0.514067
0.48966
0.468562
0.450421
0.434882
0.421604
0.410269
0.400594
0.392328
0.385252
0.37918
0.37395
0.369427
0.365497
0.362064
0.359048
0.356381
0.354007
0.351881
0.349964
0.347794
break
1
1
1
1
1
1
1
1
1
1
1
1
1
1
1
1
1
1
1
1
1
1
1
1
1
1
1
1
1
0.999997
0.999973
0.99983
0.999225
0.997315
0.992605
0.983145
0.967072
0.94325
0.911648
0.873331
0.830134
0.784222
0.73769
0.692305
0.649387
0.609795
0.573988
0.542111
0.514083
0.489675
0.468575
0.450433
0.434894
0.421615
0.410279
0.400604
0.392338
0.385262
0.379189
0.373959
0.369436
0.365506
0.362073
0.359056
0.356389
0.354016
0.35189
0.349972
0.347802
break
1
1
1
1
1
1
1
1
1
1
1
1
1
1
1
1
1
1
1
1
1
1
1
1
1
1
1
1
1
0.999997
0.999973
0.99983
0.999226
0.997316
0.992608
0.983149
0.96708
0.943261
0.911662
0.873347
0.830152
0.784241
0.737709
0.692324
0.649405
0.609811
0.574003
0.542125
0.514096
0.489687
0.468586
0.450444
0.434904
0.421624
0.410288
0.400613
0.392346
0.38527
0.379196
0.373966
0.369443
0.365513
0.36208
0.359063
0.356396
0.354023
0.351897
0.349979
0.347809
break
1
1
1
1
1
1
1
1
1
1
1
1
1
1
1
1
1
1
1
1
1
1
1
1
1
1
1
1
1
0.999997
0.999973
0.999831
0.999226
0.997316
0.99261
0.983153
0.967086
0.94327
0.911674
0.873361
0.830168
0.784257
0.737725
0.69234
0.64942
0.609826
0.574017
0.542138
0.514107
0.489697
0.468596
0.450453
0.434912
0.421632
0.410296
0.40062
0.392353
0.385276
0.379203
0.373973
0.369449
0.365519
0.362086
0.359069
0.356403
0.354029
0.351903
0.349985
0.347816
break
1
1
1
1
1
1
1
1
1
1
1
1
1
1
1
1
1
1
1
1
1
1
1
1
1
1
1
1
1
0.999997
0.999973
0.999831
0.999226
0.997317
0.992611
0.983157
0.967091
0.943278
0.911684
0.873373
0.830181
0.784271
0.737739
0.692353
0.649433
0.609838
0.574028
0.542148
0.514117
0.489706
0.468604
0.45046
0.434919
0.421639
0.410302
0.400626
0.392359
0.385282
0.379209
0.373978
0.369455
0.365525
0.362091
0.359075
0.356408
0.354034
0.351908
0.349991
0.347821
break
1
1
1
1
1
1
1
1
1
1
1
1
1
1
1
1
1
1
1
1
1
1
1
1
1
1
1
1
1
0.999997
0.999973
0.999831
0.999226
0.997318
0.992613
0.983159
0.967096
0.943284
0.911692
0.873383
0.830192
0.784283
0.737751
0.692365
0.649444
0.609848
0.574038
0.542157
0.514125
0.489714
0.468611
0.450467
0.434925
0.421644
0.410308
0.400631
0.392364
0.385287
0.379213
0.373983
0.369459
0.365529
0.362096
0.359079
0.356412
0.354039
0.351913
0.349995
0.347825
break
1
1
1
1
1
1
1
1
1
1
1
1
1
1
1
1
1
1
1
1
1
1
1
1
1
1
1
1
1
0.999997
0.999973
0.999831
0.999226
0.997318
0.992614
0.983162
0.9671
0.94329
0.911699
0.873392
0.830202
0.784293
0.737761
0.692375
0.649453
0.609857
0.574046
0.542164
0.514132
0.48972
0.468617
0.450472
0.43493
0.421649
0.410312
0.400636
0.392368
0.385291
0.379217
0.373987
0.369463
0.365533
0.3621
0.359083
0.356416
0.354043
0.351916
0.349999
0.347829
break
1
1
1
1
1
1
1
1
1
1
1
1
1
1
1
1
1
1
1
1
1
1
1
1
1
1
1
1
1
0.999997
0.999973
0.999831
0.999227
0.997319
0.992615
0.983164
0.967103
0.943295
0.911706
0.873399
0.83021
0.784301
0.73777
0.692383
0.649461
0.609864
0.574053
0.542171
0.514138
0.489725
0.468622
0.450477
0.434935
0.421653
0.410316
0.400639
0.392372
0.385295
0.379221
0.37399
0.369467
0.365536
0.362103
0.359086
0.356419
0.354046
0.35192
0.350002
0.347832
break
1
1
1
1
1
1
1
1
1
1
1
1
1
1
1
1
1
1
1
1
1
1
1
1
1
1
1
1
1
0.999997
0.999973
0.999831
0.999227
0.997319
0.992616
0.983166
0.967106
0.943299
0.911711
0.873405
0.830217
0.784308
0.737777
0.69239
0.649468
0.609871
0.574059
0.542176
0.514143
0.48973
0.468626
0.450481
0.434939
0.421657
0.41032
0.400643
0.392375
0.385298
0.379224
0.373993
0.36947
0.365539
0.362106
0.359089
0.356422
0.354049
0.351922
0.350005
0.347835
break
1
1
1
1
1
1
1
1
1
1
1
1
1
1
1
1
1
1
1
1
1
1
1
1
1
1
1
1
1
0.999997
0.999973
0.999831
0.999227
0.997319
0.992617
0.983167
0.967109
0.943302
0.911715
0.873411
0.830223
0.784314
0.737783
0.692396
0.649474
0.609876
0.574064
0.542181
0.514147
0.489734
0.46863
0.450485
0.434942
0.42166
0.410323
0.400645
0.392377
0.3853
0.379226
0.373995
0.369472
0.365541
0.362108
0.359091
0.356424
0.354051
0.351925
0.350007
0.347837
break
1
1
1
1
1
1
1
1
1
1
1
1
1
1
1
1
1
1
1
1
1
1
1
1
1
1
1
1
1
0.999997
0.999973
0.999831
0.999227
0.99732
0.992617
0.983168
0.967111
0.943305
0.911719
0.873415
0.830228
0.78432
0.737788
0.692401
0.649479
0.609881
0.574068
0.542185
0.514151
0.489737
0.468633
0.450487
0.434945
0.421662
0.410325
0.400648
0.39238
0.385302
0.379229
0.373998
0.369474
0.365544
0.36211
0.359093
0.356426
0.354053
0.351927
0.350009
0.347839
break
1
1
1
1
1
1
1
1
1
1
1
1
1
1
1
1
1
1
1
1
1
1
1
1
1
1
1
1
1
0.999997
0.999973
0.999831
0.999227
0.99732
0.992618
0.983169
0.967112
0.943308
0.911722
0.873419
0.830232
0.784324
0.737793
0.692406
0.649483
0.609885
0.574072
0.542188
0.514154
0.48974
0.468636
0.45049
0.434947
0.421665
0.410327
0.40065
0.392382
0.385304
0.37923
0.373999
0.369476
0.365545
0.362112
0.359095
0.356428
0.354055
0.351928
0.350011
0.347841
break
1
1
1
1
1
1
1
1
1
1
1
1
1
1
1
1
1
1
1
1
1
1
1
1
1
1
1
1
1
0.999997
0.999973
0.999831
0.999227
0.99732
0.992618
0.98317
0.967114
0.94331
0.911725
0.873422
0.830235
0.784328
0.737797
0.69241
0.649486
0.609888
0.574075
0.542191
0.514156
0.489743
0.468638
0.450492
0.434949
0.421666
0.410329
0.400651
0.392383
0.385306
0.379232
0.374001
0.369477
0.365547
0.362113
0.359096
0.356429
0.354056
0.35193
0.350012
0.347842
break
1
1
1
1
1
1
1
1
1
1
1
1
1
1
1
1
1
1
1
1
1
1
1
1
1
1
1
1
1
0.999997
0.999973
0.999831
0.999227
0.99732
0.992619
0.983171
0.967115
0.943312
0.911727
0.873425
0.830238
0.784331
0.7378
0.692413
0.649489
0.609891
0.574077
0.542194
0.514159
0.489745
0.46864
0.450494
0.434951
0.421668
0.41033
0.400653
0.392385
0.385307
0.379233
0.374002
0.369479
0.365548
0.362114
0.359098
0.356431
0.354057
0.351931
0.350013
0.347843
break
1
1
1
1
1
1
1
1
1
1
1
1
1
1
1
1
1
1
1
1
1
1
1
1
1
1
1
1
1
0.999997
0.999973
0.999831
0.999227
0.997321
0.992619
0.983172
0.967116
0.943313
0.911729
0.873427
0.830241
0.784334
0.737803
0.692415
0.649492
0.609893
0.57408
0.542196
0.514161
0.489747
0.468641
0.450495
0.434952
0.421669
0.410332
0.400654
0.392386
0.385308
0.379234
0.374003
0.36948
0.365549
0.362116
0.359099
0.356432
0.354058
0.351932
0.350014
0.347844
break
1
1
1
1
1
1
1
1
1
1
1
1
1
1
1
1
1
1
1
1
1
1
1
1
1
1
1
1
1
0.999997
0.999973
0.999831
0.999227
0.997321
0.992619
0.983172
0.967117
0.943314
0.911731
0.873429
0.830243
0.784336
0.737805
0.692418
0.649494
0.609895
0.574081
0.542197
0.514162
0.489748
0.468643
0.450497
0.434953
0.421671
0.410333
0.400655
0.392387
0.385309
0.379235
0.374004
0.369481
0.36555
0.362116
0.3591
0.356432
0.354059
0.351933
0.350015
0.347845
break
1
1
1
1
1
1
1
1
1
1
1
1
1
1
1
1
1
1
1
1
1
1
1
1
1
1
1
1
1
0.999997
0.999973
0.999831
0.999227
0.997321
0.99262
0.983173
0.967118
0.943316
0.911733
0.873431
0.830245
0.784338
0.737807
0.69242
0.649496
0.609897
0.574083
0.542199
0.514164
0.489749
0.468644
0.450498
0.434954
0.421672
0.410334
0.400656
0.392388
0.38531
0.379236
0.374005
0.369481
0.365551
0.362117
0.3591
0.356433
0.35406
0.351934
0.350016
0.347846
break
1
1
1
1
1
1
1
1
1
1
1
1
1
1
1
1
1
1
1
1
1
1
1
1
1
1
1
1
1
0.999997
0.999973
0.999831
0.999227
0.997321
0.99262
0.983173
0.967119
0.943316
0.911734
0.873433
0.830247
0.78434
0.737809
0.692421
0.649498
0.609899
0.574084
0.5422
0.514165
0.48975
0.468645
0.450499
0.434955
0.421672
0.410334
0.400657
0.392388
0.385311
0.379237
0.374006
0.369482
0.365551
0.362118
0.359101
0.356434
0.35406
0.351934
0.350016
0.347847
break
1
1
1
1
1
1
1
1
1
1
1
1
1
1
1
1
1
1
1
1
1
1
1
1
1
1
1
1
1
0.999997
0.999973
0.999831
0.999227
0.997321
0.99262
0.983174
0.967119
0.943317
0.911735
0.873434
0.830248
0.784341
0.73781
0.692423
0.649499
0.6099
0.574086
0.542201
0.514166
0.489751
0.468646
0.450499
0.434956
0.421673
0.410335
0.400657
0.392389
0.385312
0.379237
0.374006
0.369483
0.365552
0.362118
0.359102
0.356434
0.354061
0.351935
0.350017
0.347847
break
1
1
1
1
1
1
1
1
1
1
1
1
1
1
1
1
1
1
1
1
1
1
1
1
1
1
1
1
1
0.999997
0.999973
0.999831
0.999227
0.997321
0.99262
0.983174
0.96712
0.943318
0.911736
0.873435
0.830249
0.784343
0.737811
0.692424
0.6495
0.609901
0.574087
0.542202
0.514167
0.489752
0.468647
0.4505
0.434956
0.421674
0.410336
0.400658
0.392389
0.385312
0.379238
0.374007
0.369483
0.365552
0.362119
0.359102
0.356435
0.354061
0.351935
0.350017
0.347848
break
1
1
1
1
1
1
1
1
1
1
1
1
1
1
1
1
1
1
1
1
1
1
1
1
1
1
1
1
1
0.999997
0.999973
0.999831
0.999227
0.997321
0.99262
0.983174
0.96712
0.943319
0.911737
0.873436
0.83025
0.784344
0.737812
0.692425
0.649501
0.609902
0.574087
0.542203
0.514167
0.489753
0.468647
0.450501
0.434957
0.421674
0.410336
0.400658
0.39239
0.385312
0.379238
0.374007
0.369483
0.365553
0.362119
0.359102
0.356435
0.354062
0.351936
0.350018
0.347848
break
1
1
1
1
1
1
1
1
1
1
1
1
1
1
1
1
1
1
1
1
1
1
1
1
1
1
1
1
1
0.999997
0.999973
0.999831
0.999227
0.997321
0.99262
0.983174
0.96712
0.943319
0.911737
0.873437
0.830251
0.784344
0.737813
0.692426
0.649502
0.609903
0.574088
0.542204
0.514168
0.489753
0.468648
0.450501
0.434957
0.421675
0.410337
0.400659
0.39239
0.385313
0.379239
0.374007
0.369484
0.365553
0.36212
0.359103
0.356436
0.354062
0.351936
0.350018
0.347848
break
1
1
1
1
1
1
1
1
1
1
1
1
1
1
1
1
1
1
1
1
1
1
1
1
1
1
1
1
1
0.999997
0.999973
0.999831
0.999227
0.997321
0.992621
0.983174
0.967121
0.94332
0.911738
0.873437
0.830252
0.784345
0.737814
0.692427
0.649503
0.609903
0.574089
0.542204
0.514168
0.489754
0.468648
0.450502
0.434958
0.421675
0.410337
0.400659
0.392391
0.385313
0.379239
0.374008
0.369484
0.365553
0.36212
0.359103
0.356436
0.354062
0.351936
0.350018
0.347849
break
1
1
1
1
1
1
1
1
1
1
1
1
1
1
1
1
1
1
1
1
1
1
1
1
1
1
1
1
1
0.999997
0.999973
0.999831
0.999227
0.997321
0.992621
0.983175
0.967121
0.94332
0.911738
0.873438
0.830253
0.784346
0.737815
0.692427
0.649503
0.609904
0.574089
0.542205
0.514169
0.489754
0.468649
0.450502
0.434958
0.421675
0.410337
0.400659
0.392391
0.385313
0.379239
0.374008
0.369484
0.365554
0.36212
0.359103
0.356436
0.354063
0.351936
0.350019
0.347849
break
1
1
1
1
1
1
1
1
1
1
1
1
1
1
1
1
1
1
1
1
1
1
1
1
1
1
1
1
1
0.999997
0.999973
0.999831
0.999227
0.997321
0.992621
0.983175
0.967121
0.94332
0.911739
0.873438
0.830253
0.784346
0.737815
0.692428
0.649504
0.609904
0.57409
0.542205
0.514169
0.489755
0.468649
0.450502
0.434958
0.421676
0.410337
0.40066
0.392391
0.385314
0.379239
0.374008
0.369485
0.365554
0.36212
0.359104
0.356436
0.354063
0.351937
0.350019
0.347849
break
1
1
1
1
1
1
1
1
1
1
1
1
1
1
1
1
1
1
1
1
1
1
1
1
1
1
1
1
1
0.999997
0.999973
0.999831
0.999227
0.997321
0.992621
0.983175
0.967121
0.94332
0.911739
0.873439
0.830254
0.784347
0.737816
0.692428
0.649504
0.609905
0.57409
0.542205
0.51417
0.489755
0.468649
0.450503
0.434959
0.421676
0.410338
0.40066
0.392391
0.385314
0.37924
0.374008
0.369485
0.365554
0.362121
0.359104
0.356437
0.354063
0.351937
0.350019
0.347849
break
1
1
1
1
1
1
1
1
1
1
1
1
1
1
1
1
1
1
1
1
1
1
1
1
1
1
1
1
1
0.999997
0.999973
0.999831
0.999227
0.997321
0.992621
0.983175
0.967121
0.943321
0.911739
0.873439
0.830254
0.784347
0.737816
0.692429
0.649505
0.609905
0.574091
0.542206
0.51417
0.489755
0.468649
0.450503
0.434959
0.421676
0.410338
0.40066
0.392392
0.385314
0.37924
0.374009
0.369485
0.365554
0.362121
0.359104
0.356437
0.354063
0.351937
0.350019
0.347849
break
1
1
1
1
1
1
1
1
1
1
1
1
1
1
1
1
1
1
1
1
1
1
1
1
1
1
1
1
1
0.999997
0.999973
0.999831
0.999227
0.997321
0.992621
0.983175
0.967122
0.943321
0.911739
0.873439
0.830254
0.784348
0.737816
0.692429
0.649505
0.609905
0.574091
0.542206
0.51417
0.489755
0.46865
0.450503
0.434959
0.421676
0.410338
0.40066
0.392392
0.385314
0.37924
0.374009
0.369485
0.365554
0.362121
0.359104
0.356437
0.354063
0.351937
0.350019
0.347849
break
1
1
1
1
1
1
1
1
1
1
1
1
1
1
1
1
1
1
1
1
1
1
1
1
1
1
1
1
1
0.999997
0.999973
0.999831
0.999227
0.997321
0.992621
0.983175
0.967122
0.943321
0.91174
0.87344
0.830255
0.784348
0.737817
0.692429
0.649505
0.609906
0.574091
0.542206
0.51417
0.489756
0.46865
0.450503
0.434959
0.421676
0.410338
0.40066
0.392392
0.385314
0.37924
0.374009
0.369485
0.365554
0.362121
0.359104
0.356437
0.354064
0.351937
0.350019
0.34785
break
1
1
1
1
1
1
1
1
1
1
1
1
1
1
1
1
1
1
1
1
1
1
1
1
1
1
1
1
1
0.999997
0.999973
0.999831
0.999227
0.997321
0.992621
0.983175
0.967122
0.943321
0.91174
0.87344
0.830255
0.784348
0.737817
0.69243
0.649505
0.609906
0.574091
0.542206
0.514171
0.489756
0.46865
0.450503
0.434959
0.421676
0.410338
0.40066
0.392392
0.385314
0.37924
0.374009
0.369485
0.365555
0.362121
0.359104
0.356437
0.354064
0.351937
0.35002
0.34785
break
1
1
1
1
1
1
1
1
1
1
1
1
1
1
1
1
1
1
1
1
1
1
1
1
1
1
1
1
1
0.999997
0.999973
0.999831
0.999227
0.997321
0.992621
0.983175
0.967122
0.943321
0.91174
0.87344
0.830255
0.784348
0.737817
0.69243
0.649506
0.609906
0.574091
0.542207
0.514171
0.489756
0.46865
0.450503
0.434959
0.421677
0.410338
0.400661
0.392392
0.385314
0.37924
0.374009
0.369485
0.365555
0.362121
0.359104
0.356437
0.354064
0.351937
0.35002
0.34785
break
1
1
1
1
1
1
1
1
1
1
1
1
1
1
1
1
1
1
1
1
1
1
1
1
1
1
1
1
1
0.999997
0.999973
0.999831
0.999227
0.997321
0.992621
0.983175
0.967122
0.943321
0.91174
0.87344
0.830255
0.784349
0.737817
0.69243
0.649506
0.609906
0.574092
0.542207
0.514171
0.489756
0.46865
0.450503
0.43496
0.421677
0.410338
0.400661
0.392392
0.385315
0.37924
0.374009
0.369485
0.365555
0.362121
0.359104
0.356437
0.354064
0.351937
0.35002
0.34785
break
1
1
1
1
1
1
1
1
1
1
1
1
1
1
1
1
1
1
1
1
1
1
1
1
1
1
1
1
1
0.999997
0.999973
0.999831
0.999227
0.997321
0.992621
0.983175
0.967122
0.943321
0.91174
0.87344
0.830255
0.784349
0.737818
0.69243
0.649506
0.609906
0.574092
0.542207
0.514171
0.489756
0.46865
0.450504
0.43496
0.421677
0.410339
0.400661
0.392392
0.385315
0.37924
0.374009
0.369485
0.365555
0.362121
0.359104
0.356437
0.354064
0.351938
0.35002
0.34785
break
1
1
1
1
1
1
1
1
1
1
1
1
1
1
1
1
1
1
1
1
1
1
1
1
1
1
1
1
1
0.999997
0.999973
0.999831
0.999227
0.997321
0.992621
0.983175
0.967122
0.943322
0.91174
0.87344
0.830255
0.784349
0.737818
0.69243
0.649506
0.609906
0.574092
0.542207
0.514171
0.489756
0.46865
0.450504
0.43496
0.421677
0.410339
0.400661
0.392392
0.385315
0.37924
0.374009
0.369485
0.365555
0.362121
0.359104
0.356437
0.354064
0.351938
0.35002
0.34785
break
1
1
1
1
1
1
1
1
1
1
1
1
1
1
1
1
1
1
1
1
1
1
1
1
1
1
1
1
1
0.999997
0.999973
0.999831
0.999227
0.997321
0.992621
0.983175
0.967122
0.943322
0.91174
0.87344
0.830255
0.784349
0.737818
0.69243
0.649506
0.609907
0.574092
0.542207
0.514171
0.489756
0.46865
0.450504
0.43496
0.421677
0.410339
0.400661
0.392392
0.385315
0.37924
0.374009
0.369486
0.365555
0.362121
0.359104
0.356437
0.354064
0.351938
0.35002
0.34785
break
1
1
1
1
1
1
1
1
1
1
1
1
1
1
1
1
1
1
1
1
1
1
1
1
1
1
1
1
1
0.999997
0.999973
0.999831
0.999227
0.997321
0.992621
0.983175
0.967122
0.943322
0.91174
0.87344
0.830256
0.784349
0.737818
0.69243
0.649506
0.609907
0.574092
0.542207
0.514171
0.489756
0.46865
0.450504
0.43496
0.421677
0.410339
0.400661
0.392392
0.385315
0.37924
0.374009
0.369486
0.365555
0.362121
0.359105
0.356437
0.354064
0.351938
0.35002
0.34785
break
1
1
1
1
1
1
1
1
1
1
1
1
1
1
1
1
1
1
1
1
1
1
1
1
1
1
1
1
1
0.999997
0.999973
0.999831
0.999227
0.997321
0.992621
0.983175
0.967122
0.943322
0.911741
0.873441
0.830256
0.784349
0.737818
0.69243
0.649506
0.609907
0.574092
0.542207
0.514171
0.489756
0.468651
0.450504
0.43496
0.421677
0.410339
0.400661
0.392392
0.385315
0.379241
0.374009
0.369486
0.365555
0.362121
0.359105
0.356437
0.354064
0.351938
0.35002
0.34785
break
1
1
1
1
1
1
1
1
1
1
1
1
1
1
1
1
1
1
1
1
1
1
1
1
1
1
1
1
1
0.999997
0.999973
0.999831
0.999227
0.997321
0.992621
0.983175
0.967122
0.943322
0.911741
0.873441
0.830256
0.784349
0.737818
0.692431
0.649506
0.609907
0.574092
0.542207
0.514171
0.489756
0.468651
0.450504
0.43496
0.421677
0.410339
0.400661
0.392392
0.385315
0.379241
0.374009
0.369486
0.365555
0.362121
0.359105
0.356437
0.354064
0.351938
0.35002
0.34785
break
1
1
1
1
1
1
1
1
1
1
1
1
1
1
1
1
1
1
1
1
1
1
1
1
1
1
1
1
1
0.999997
0.999973
0.999831
0.999227
0.997321
0.992621
0.983175
0.967122
0.943322
0.911741
0.873441
0.830256
0.784349
0.737818
0.692431
0.649506
0.609907
0.574092
0.542207
0.514171
0.489756
0.468651
0.450504
0.43496
0.421677
0.410339
0.400661
0.392392
0.385315
0.379241
0.374009
0.369486
0.365555
0.362121
0.359105
0.356437
0.354064
0.351938
0.35002
0.34785
break
1
1
1
1
1
1
1
1
1
1
1
1
1
1
1
1
1
1
1
1
1
1
1
1
1
1
1
1
1
0.999997
0.999973
0.999831
0.999227
0.997321
0.992621
0.983175
0.967122
0.943322
0.911741
0.873441
0.830256
0.784349
0.737818
0.692431
0.649506
0.609907
0.574092
0.542207
0.514171
0.489756
0.468651
0.450504
0.43496
0.421677
0.410339
0.400661
0.392392
0.385315
0.379241
0.374009
0.369486
0.365555
0.362121
0.359105
0.356437
0.354064
0.351938
0.35002
0.34785
break
1
1
1
1
1
1
1
1
1
1
1
1
1
1
1
1
1
1
1
1
1
1
1
1
1
1
1
1
1
0.999997
0.999973
0.999831
0.999227
0.997321
0.992621
0.983175
0.967122
0.943322
0.911741
0.873441
0.830256
0.784349
0.737818
0.692431
0.649506
0.609907
0.574092
0.542207
0.514171
0.489756
0.468651
0.450504
0.43496
0.421677
0.410339
0.400661
0.392392
0.385315
0.379241
0.374009
0.369486
0.365555
0.362121
0.359105
0.356437
0.354064
0.351938
0.35002
0.34785
break
1
1
1
1
1
1
1
1
1
1
1
1
1
1
1
1
1
1
1
1
1
1
1
1
1
1
1
1
1
0.999997
0.999973
0.999831
0.999227
0.997321
0.992621
0.983175
0.967122
0.943322
0.911741
0.873441
0.830256
0.784349
0.737818
0.692431
0.649507
0.609907
0.574092
0.542207
0.514171
0.489756
0.468651
0.450504
0.43496
0.421677
0.410339
0.400661
0.392392
0.385315
0.379241
0.374009
0.369486
0.365555
0.362121
0.359105
0.356437
0.354064
0.351938
0.35002
0.34785
break
1
1
1
1
1
1
1
1
1
1
1
1
1
1
1
1
1
1
1
1
1
1
1
1
1
1
1
1
1
0.999997
0.999973
0.999831
0.999227
0.997321
0.992621
0.983175
0.967122
0.943322
0.911741
0.873441
0.830256
0.784349
0.737818
0.692431
0.649507
0.609907
0.574092
0.542207
0.514171
0.489757
0.468651
0.450504
0.43496
0.421677
0.410339
0.400661
0.392392
0.385315
0.379241
0.374009
0.369486
0.365555
0.362121
0.359105
0.356437
0.354064
0.351938
0.35002
0.34785
break
1
1
1
1
1
1
1
1
1
1
1
1
1
1
1
1
1
1
1
1
1
1
1
1
1
1
1
1
1
0.999997
0.999973
0.999831
0.999227
0.997321
0.992621
0.983175
0.967122
0.943322
0.911741
0.873441
0.830256
0.784349
0.737818
0.692431
0.649507
0.609907
0.574092
0.542207
0.514171
0.489757
0.468651
0.450504
0.43496
0.421677
0.410339
0.400661
0.392392
0.385315
0.379241
0.374009
0.369486
0.365555
0.362121
0.359105
0.356438
0.354064
0.351938
0.35002
0.34785
break
1
1
1
1
1
1
1
1
1
1
1
1
1
1
1
1
1
1
1
1
1
1
1
1
1
1
1
1
1
0.999997
0.999973
0.999831
0.999227
0.997321
0.992621
0.983175
0.967122
0.943322
0.911741
0.873441
0.830256
0.784349
0.737818
0.692431
0.649507
0.609907
0.574092
0.542207
0.514171
0.489757
0.468651
0.450504
0.43496
0.421677
0.410339
0.400661
0.392392
0.385315
0.379241
0.374009
0.369486
0.365555
0.362121
0.359105
0.356438
0.354064
0.351938
0.35002
0.34785
break
1
1
1
1
1
1
1
1
1
1
1
1
1
1
1
1
1
1
1
1
1
1
1
1
1
1
1
1
1
0.999997
0.999973
0.999831
0.999227
0.997321
0.992621
0.983175
0.967122
0.943322
0.911741
0.873441
0.830256
0.784349
0.737818
0.692431
0.649507
0.609907
0.574092
0.542207
0.514171
0.489757
0.468651
0.450504
0.43496
0.421677
0.410339
0.400661
0.392392
0.385315
0.379241
0.374009
0.369486
0.365555
0.362122
0.359105
0.356438
0.354064
0.351938
0.35002
0.34785
break
1
1
1
1
1
1
1
1
1
1
1
1
1
1
1
1
1
1
1
1
1
1
1
1
1
1
1
1
1
0.999997
0.999973
0.999831
0.999227
0.997321
0.992621
0.983175
0.967122
0.943322
0.911741
0.873441
0.830256
0.784349
0.737818
0.692431
0.649507
0.609907
0.574092
0.542207
0.514171
0.489757
0.468651
0.450504
0.43496
0.421677
0.410339
0.400661
0.392392
0.385315
0.379241
0.374009
0.369486
0.365555
0.362122
0.359105
0.356438
0.354064
0.351938
0.35002
0.34785
break
1
1
1
1
1
1
1
1
1
1
1
1
1
1
1
1
1
1
1
1
1
1
1
1
1
1
1
1
1
0.999997
0.999973
0.999831
0.999227
0.997321
0.992621
0.983175
0.967122
0.943322
0.911741
0.873441
0.830256
0.784349
0.737818
0.692431
0.649507
0.609907
0.574092
0.542207
0.514171
0.489757
0.468651
0.450504
0.43496
0.421677
0.410339
0.400661
0.392392
0.385315
0.379241
0.374009
0.369486
0.365555
0.362122
0.359105
0.356438
0.354064
0.351938
0.35002
0.34785
break
1
1
1
1
1
1
1
1
1
1
1
1
1
1
1
1
1
1
1
1
1
1
1
1
1
1
1
1
1
0.999997
0.999973
0.999831
0.999227
0.997321
0.992621
0.983175
0.967122
0.943322
0.911741
0.873441
0.830256
0.784349
0.737818
0.692431
0.649507
0.609907
0.574092
0.542207
0.514171
0.489757
0.468651
0.450504
0.43496
0.421677
0.410339
0.400661
0.392392
0.385315
0.379241
0.374009
0.369486
0.365555
0.362122
0.359105
0.356438
0.354064
0.351938
0.35002
0.34785
break
1
1
1
1
1
1
1
1
1
1
1
1
1
1
1
1
1
1
1
1
1
1
1
1
1
1
1
1
1
0.999997
0.999973
0.999831
0.999227
0.997321
0.992621
0.983175
0.967122
0.943322
0.911741
0.873441
0.830256
0.784349
0.737818
0.692431
0.649507
0.609907
0.574092
0.542207
0.514171
0.489757
0.468651
0.450504
0.43496
0.421677
0.410339
0.400661
0.392392
0.385315
0.379241
0.374009
0.369486
0.365555
0.362122
0.359105
0.356438
0.354064
0.351938
0.35002
0.34785
break
1
1
1
1
1
1
1
1
1
1
1
1
1
1
1
1
1
1
1
1
1
1
1
1
1
1
1
1
1
0.999997
0.999973
0.999831
0.999227
0.997321
0.992621
0.983175
0.967122
0.943322
0.911741
0.873441
0.830256
0.78435
0.737818
0.692431
0.649507
0.609907
0.574092
0.542207
0.514171
0.489757
0.468651
0.450504
0.43496
0.421677
0.410339
0.400661
0.392392
0.385315
0.379241
0.374009
0.369486
0.365555
0.362122
0.359105
0.356438
0.354064
0.351938
0.35002
0.34785
break
1
1
1
1
1
1
1
1
1
1
1
1
1
1
1
1
1
1
1
1
1
1
1
1
1
1
1
1
1
0.999997
0.999973
0.999831
0.999227
0.997321
0.992621
0.983175
0.967122
0.943322
0.911741
0.873441
0.830256
0.78435
0.737818
0.692431
0.649507
0.609907
0.574092
0.542207
0.514171
0.489757
0.468651
0.450504
0.43496
0.421677
0.410339
0.400661
0.392392
0.385315
0.379241
0.374009
0.369486
0.365555
0.362122
0.359105
0.356438
0.354064
0.351938
0.35002
0.34785
break
