0
0
0
0
0
0
0
0
0
0
0
0
0
0
0
0
0
0
0
0
0
0
0
0
0
0
0
0
0
0
0
0
0
0
0
0
0
0
0
0
0
0
0
0
0
0
0
0
0
0
0
0
0
0
0
0
0
0
0
0
0
0
0
0
0
0
0
0
0
0
0
0
0
0
0
0
0
0
0
0
0
0
0
0
0
0
0
0
0
0
0
0
0
0
0
0
0
0
0
0
0
0
0
0
0
0
0
0
0
0
0
0
0
0
0
0
0
0
0
0
0
0
0
0
0
0
0
0
0
0
0
0
0
0
0
0
0
0
0
0
0
0
0
0
0
0
0
0
0
0
0
0
0
0
0
0
0
0
0
0
0
0
0
0
0
0
0
0
0
0
0
0
0
0
0
0
0
0
0
0
0
0
0
0
0
0
0
0
0
0
0
0
0
0
0
0
0
0
0
0
0
0
0
0
0
0
0
0
0
0
0
0
0
0
0
0
0
0
0
0
0
0
0
0
0
0
0
0
0
0
0
0
0
0
0
0
0
0
0
0
0
0
0
0
0
0
0
0
0
0
0
0
0
0
0
0
0
0
0
0
0
0
0
0
0
0
0
0
0
0
0
0
0
0
0
0
0
0
0
0
0
0
0
0
0
0
0
0
0
0
0
0
0
0
0
0
0
0
0
0
0
0
0
0
0
0
0
0
0
0
0
0
0
0
0
0
0
0
0
0
0
0
0
0
0
0
0
0
0
0
0
0
0
0
0
0
0
0
0
0
0
0
0
0
0
0
0
0
0
0
0
0
0
0
0
0
0
0
0
0
0
0
0
0
0
0
0
0
0
0
0
0
0
0
0
0
0
0
0
0
0
0
0
0
0
0
0
0
0
0
0
0
0
0
0
0
0
0
0
0
0
0
0
0
0
0
0
0
0
0
0
0
0
0
0
0
0
0
0
0
0
0
0
0
0
0
0
0
0
0
0
0
0
0
0
0
0
0
0
0
0
0
0
0
0
0
0
0
0
0
0
0
0
0
0
0
0
0
0
0
0
0
0
0
0
0
0
0
0
0
0
0
0
0
0
0
0
0
0
0
0
0
0
0
0
0
0
0
0
0
0
0
0
0
0
0
0
0
0
0
0
0
0
0
0
0
0
0
0
0
0
0
0
0
0
0
0
0
0
0
0
0
0
0
0
0
0
0
0
0
0
0
0
0
0
0
0
0
0
0
0
0
0
0
0
0
0
0
0
0
0
0
0
0
0
0
0
0
0
0
0
0
0
0
0
0
0
0
0
0
0
0
0
0
0
0
0
0
0
0
0
0
0
0
0
0
0
0
0
0
0
0
0
0
0
0
0
0
0
0
0
0
0
0
0
0
0
0
0
0
0
0
0
0
0
0
0
0
0
0
0
0
0
0
0
0
0
0
0
0
0
0
0
0
0
0
0
0
0
0
0
0
0
0
0
0
0
0
0
0
0
0
0
0
0
0
0
0
0
0
0
0
0
0
0
0
0
0
0
0
0
0
0
0
0
0
0
0
0
0
0
0
0
0
0
0
0
0
0
0
0
0
0
0
0
0
0
0
0
0
0
0
0
0
0
0
0
0
0
0
0
0
0
0
0
0
0
0
0
0
0
0
0
0
0
0
0
0
0
0
0
0
0
0
0
0
0
0
0
0
0
0
0
0
0
0
0
0
0
0
0
0
0
0
0
0
0
0
0
0
0
0
0
0
0
0
0
0
0
0
0
0
0
0
0
0
0
0
0
0
0
0
0
0
0
0
0
0
0
0
0
0
0
0
0
0
0
0
0
0
0
0
0
0
0
0
0
0
0
0
0
0
0
0
0
0
0
0
0
0
0
0
0
0
0
0
0
0
0
0
0
0
0
0
0
0
0
0
0
0
0
0
0
0
0
0
0
0
0
0
0
0
0
0
0
0
0
0
0
0
0
0
0
0
0
0
0
0
0
0
0
0
0
0
0
0
0
0
0
0
0
0
0
0
0
0
0
0
0
0
0
0
0
0
0
0
0
0
0
0
0
0
0
0
0
0
0
0
0
0
0
0
0
0
0
0
0
0
0
0
0
0
0
0
0
0
0
0
0
0
0
0
0
0
0
0
0
0
0
0
0
0
0
0
0
0
0
0
0
0
0
0
0
0
0
0
0
0
0
0
0
0
0
0
0
0
0
0
0
0
0
0
0
0
0
0
0
0
0
0
0
0
0
0
0
0
0
0
0
0
0
0
0
0
0
0
0
0
0
0
break
1
1
1
1
1
1
1
1
1
1
1
1
1
1
1
1
1
1
1
1
1
1
1
1
1
1
1
1
1
1
1
1
1
1
1
1
1
1
1
1
1
1
1
1
1
1
1
1
1
1
1
1
1
1
1
1
1
1
1
1
1
1
1
1
1
1
1
1
1
1
1
1
1
1
1
1
1
1
1
1
1
1
1
1
1
1
1
1
1
1
1
1
1
1
1
1
1
1
1
1
1
1
1
1
1
1
1
1
1
1
1
1
1
1
1
1
1
1
1
1
1
1
1
1
1
1
1
1
1
1
1
1
1
1
1
1
1
1
1
1
1
1
1
1
1
1
1
1
1
1
1
1
1
1
1
1
1
1
1
1
1
1
1
1
1
1
1
1
1
1
1
1
1
1
1
1
1
1
1
1
1
1
1
1
1
1
1
1
1
1
1
1
1
1
1
1
1
1
1
1
1
1
1
1
1
1
1
1
1
1
1
1
1
1
1
1
1
1
1
1
1
1
1
1
1
1
1
1
1
1
1
1
1
1
1
1
1
1
1
1
1
1
1
1
1
1
1
1
1
1
1
1
1
1
1
1
1
1
1
1
1
1
1
1
1
1
1
1
1
1
1
1
1
1
1
1
1
1
1
1
1
1
1
1
1
1
1
1
1
1
1
1
1
1
1
1
1
1
1
1
1
1
1
1
1
1
1
1
1
1
1
1
1
1
1
1
1
1
1
1
1
1
1
1
1
1
1
1
1
1
1
1
1
1
1
1
1
1
1
1
1
1
1
1
1
1
1
1
1
1
1
1
1
1
1
1
1
1
1
1
1
1
1
1
1
1
1
1
1
1
1
1
1
1
1
1
1
1
1
1
1
1
1
1
1
1
1
1
1
1
1
1
1
1
1
1
1
1
1
1
1
1
1
1
1
1
1
1
1
1
1
1
1
1
1
1
1
1
1
1
1
1
1
1
1
1
1
1
1
1
0.998355
0.993744
0.989164
0.984616
0.9801
0.975614
0.971159
0.966735
0.962341
0.957976
0.953641
0.949336
0.94506
0.940812
0.936593
0.932403
0.92824
0.924106
0.919999
0.915919
0.911866
0.90784
0.903841
0.899868
0.895921
0.892
0.888105
0.884235
0.880391
0.876571
0.872777
0.869007
0.865261
0.861539
0.857842
0.854168
0.850518
0.846891
0.843287
0.839706
0.836148
0.832612
0.829099
0.825608
0.822139
0.818692
0.815267
0.811863
0.80848
0.805118
0.801778
0.798458
0.795158
0.791879
0.78862
0.785382
0.782163
0.778964
0.775785
0.772625
0.769484
0.766362
0.763259
0.760176
0.75711
0.754064
0.751035
0.748025
0.745033
0.742059
0.739102
0.736164
0.733242
0.730338
0.727452
0.724582
0.721729
0.718894
0.716074
0.713272
0.710486
0.707716
0.704962
0.702224
0.699502
0.696796
0.694106
0.691431
0.688772
0.686128
0.683499
0.680885
0.678286
0.675703
0.673133
0.670579
0.668039
0.665513
0.663002
0.660504
0.658021
0.655552
0.653097
0.650656
0.648228
0.645813
0.643413
0.641025
0.638651
0.63629
0.633942
0.631607
0.629285
0.626976
0.624679
0.622395
0.620124
0.617865
0.615618
0.613383
0.611161
0.60895
0.606752
0.604566
0.602391
0.600228
0.598077
0.595937
0.593808
0.591691
0.589586
0.587491
0.585408
0.583336
0.581275
0.579224
0.577185
0.575156
0.573138
0.57113
0.569133
0.567147
0.565171
0.563205
0.561249
0.559304
0.557369
0.555443
0.553528
0.551623
0.549727
0.547841
0.545965
0.544098
0.542241
0.540394
0.538556
0.536727
0.534908
0.533098
0.531297
0.529505
0.527722
0.525948
0.524183
0.522427
0.52068
0.518941
0.517211
0.51549
0.513778
0.512074
0.510378
0.508691
0.507012
0.505341
0.503679
0.502025
0.500379
0.498741
0.497111
0.495489
0.493875
0.492269
0.490671
0.489081
0.487498
0.485923
0.484355
0.482795
0.481243
0.479698
0.47816
0.47663
0.475108
0.473592
0.472084
0.470583
0.469089
0.467602
0.466122
0.464649
0.463184
0.461725
0.460273
0.458828
0.457389
0.455958
0.454533
0.453115
0.451703
0.450298
0.4489
0.447508
0.446122
0.444743
0.443371
0.442004
0.440644
0.439291
0.437943
0.436602
0.435267
0.433938
0.432615
0.431298
0.429987
0.428682
0.427383
0.42609
0.424802
0.423521
0.422245
0.420975
0.419711
0.418453
0.4172
0.415952
0.414711
0.413475
0.412244
0.411019
0.409799
0.408585
0.407376
0.406173
0.404975
0.403782
0.402594
0.401412
0.400235
0.399063
0.397896
0.396734
0.395578
0.394426
0.393279
0.392138
0.391001
0.389869
0.388743
0.387621
0.386504
0.385391
0.384284
0.383181
0.382083
0.38099
0.379902
0.378818
0.377738
0.376664
0.375594
0.374528
0.373467
0.372411
0.371359
0.370311
0.369268
0.368229
0.367195
0.366165
0.365139
0.364118
0.363101
0.362088
0.361079
0.360075
0.359075
0.358079
0.357087
0.356099
0.355115
0.354136
0.35316
0.352189
0.351221
0.350257
0.349298
0.348342
0.34739
0.346443
0.345499
0.344558
0.343622
0.34269
0.341761
0.340836
0.339915
0.338997
0.338084
0.337174
0.336267
0.335365
0.334465
0.33357
0.332678
0.33179
0.330905
0.330024
0.329146
0.328272
0.327401
0.326534
0.32567
0.324809
0.323952
0.323099
0.322249
0.321402
0.320558
0.319718
0.318881
0.318047
0.317217
0.31639
0.315566
0.314745
0.313927
0.313113
0.312302
0.311494
0.310689
0.309887
0.309089
0.308293
0.3075
0.306711
0.305925
0.305141
0.304361
0.303583
0.302809
0.302037
0.301269
0.300503
0.29974
0.298981
0.298224
0.29747
0.296719
0.29597
0.295225
0.294482
0.293742
0.293005
0.292271
0.291539
0.29081
0.290084
0.289361
0.28864
0.287922
0.287207
0.286494
0.285784
0.285077
0.284372
0.28367
0.28297
0.282273
0.281579
0.280887
0.280198
0.279511
0.278827
0.278145
0.277466
0.276789
0.276115
0.275443
0.274773
0.274106
0.273442
0.27278
0.27212
0.271463
0.270808
0.270155
0.269505
0.268857
0.268212
0.267569
0.266928
0.266289
0.265653
0.265019
0.264387
0.263758
0.26313
0.262505
0.261883
0.261262
0.260644
0.260028
0.259414
0.258802
0.258192
0.257585
0.256979
0.256376
0.255775
0.255176
0.254579
0.253984
0.253391
0.252801
0.252212
0.251626
0.251041
0.250459
0.249878
0.2493
0.248723
0.248149
0.247576
0.247006
0.246438
0.245871
0.245306
0.244744
0.244183
0.243624
0.243068
0.242513
0.24196
0.241408
0.240859
0.240312
0.239766
0.239222
0.238681
0.238141
0.237602
0.237066
0.236532
0.235999
0.235468
0.234939
0.234411
0.233886
0.233362
0.23284
0.23232
0.231801
0.231284
0.230769
0.230256
0.229744
0.229234
0.228726
0.228219
0.227714
0.227211
0.226709
0.22621
0.225711
0.225215
0.22472
0.224226
0.223735
0.223245
0.222756
0.222269
0.221784
0.2213
0.220818
0.220337
0.219858
0.219381
0.218905
0.218431
0.217958
0.217487
0.217017
0.216549
0.216082
0.215617
0.215153
0.214691
0.21423
0.213771
0.213313
0.212857
0.212402
0.211949
0.211497
0.211046
0.210597
0.21015
0.209704
0.209259
0.208815
0.208374
0.207933
0.207494
0.207056
0.20662
0.206185
0.205751
0.205319
0.204888
0.204458
0.20403
0.203603
0.203178
0.202754
0.202331
0.201909
0.201489
0.20107
0.200653
0.200236
0.199821
0.199408
0.198995
0.198584
0.198174
0.197766
0.197358
0.196952
0.196547
0.196144
0.195741
0.19534
0.19494
0.194542
0.194144
0.193748
0.193353
0.192959
0.192567
0.192175
0.191785
0.191396
0.191008
0.190622
0.190236
0.189852
0.189469
0.189087
0.188706
0.188326
0.187948
0.18757
0.187194
0.186819
0.186445
0.186072
0.1857
break
1
1
1
1
1
1
1
1
1
1
1
1
1
1
1
1
1
1
1
1
1
1
1
1
1
1
1
1
1
1
1
1
1
1
1
1
1
1
1
1
1
1
1
1
1
1
1
1
1
1
1
1
1
1
1
1
1
1
1
1
1
1
1
1
1
1
1
1
1
1
1
1
1
1
1
1
1
1
1
1
1
1
1
1
1
1
1
1
1
1
1
1
1
1
1
1
1
1
1
1
1
1
1
1
1
1
1
1
1
1
1
1
1
1
1
1
1
1
1
1
1
1
1
1
1
1
1
1
1
1
1
1
1
1
1
1
1
1
1
1
1
1
1
1
1
1
1
1
1
1
1
1
1
1
1
1
1
1
1
1
1
1
1
1
1
1
1
1
1
1
1
1
1
1
1
1
1
1
1
1
1
1
1
1
1
1
1
1
1
1
1
1
1
1
1
1
1
1
1
1
1
1
1
1
1
1
1
1
1
1
1
1
1
1
1
1
1
1
1
1
1
1
1
1
1
1
1
1
1
1
1
1
1
1
1
1
1
1
1
1
1
1
1
1
1
1
1
1
1
1
1
1
1
1
1
1
1
1
1
1
1
1
1
1
1
1
1
1
1
1
1
1
1
1
1
1
1
1
1
1
1
1
1
1
1
1
1
1
1
1
1
1
1
1
1
1
1
1
1
1
1
1
1
1
1
1
1
1
1
1
1
1
1
1
1
1
1
1
1
1
1
1
1
1
1
1
1
1
1
1
1
1
1
1
1
1
1
1
1
1
1
1
1
1
1
1
1
1
1
1
1
1
1
1
1
1
1
1
1
1
1
1
1
1
1
1
1
1
1
1
1
1
1
1
1
1
1
1
1
1
1
1
1
1
1
1
1
1
1
1
1
1
1
1
1
1
1
1
1
1
1
1
1
1
1
1
1
1
1
1
1
1
1
1
1
1
1
1
1
1
1
1
1
1
1
1
1
1
1
1
0.998355
0.993744
0.989164
0.984616
0.9801
0.975614
0.971159
0.966735
0.962341
0.957976
0.953641
0.949336
0.94506
0.940812
0.936593
0.932403
0.92824
0.924106
0.919999
0.915919
0.911866
0.90784
0.903841
0.899868
0.895921
0.892
0.888105
0.884235
0.880391
0.876571
0.872777
0.869007
0.865261
0.861539
0.857842
0.854168
0.850518
0.846891
0.843287
0.839706
0.836148
0.832612
0.829099
0.825608
0.822139
0.818692
0.815267
0.811863
0.80848
0.805118
0.801778
0.798458
0.795158
0.791879
0.78862
0.785382
0.782163
0.778964
0.775785
0.772625
0.769484
0.766362
0.763259
0.760176
0.75711
0.754064
0.751035
0.748025
0.745033
0.742059
0.739102
0.736164
0.733242
0.730338
0.727452
0.724582
0.721729
0.718894
0.716074
0.713272
0.710486
0.707716
0.704962
0.702224
0.699502
0.696796
0.694106
0.691431
0.688772
0.686128
0.683499
0.680885
0.678286
0.675703
0.673133
0.670579
0.668039
0.665513
0.663002
0.660504
0.658021
0.655552
0.653097
0.650656
0.648228
0.645813
0.643413
0.641025
0.638651
0.63629
0.633942
0.631607
0.629285
0.626976
0.624679
0.622395
0.620124
0.617865
0.615618
0.613383
0.611161
0.60895
0.606752
0.604566
0.602391
0.600228
0.598077
0.595937
0.593808
0.591691
0.589586
0.587491
0.585408
0.583336
0.581275
0.579224
0.577185
0.575156
0.573138
0.57113
0.569133
0.567147
0.565171
0.563205
0.561249
0.559304
0.557369
0.555443
0.553528
0.551623
0.549727
0.547841
0.545965
0.544098
0.542241
0.540394
0.538556
0.536727
0.534908
0.533098
0.531297
0.529505
0.527722
0.525948
0.524183
0.522427
0.52068
0.518941
0.517211
0.51549
0.513778
0.512074
0.510378
0.508691
0.507012
0.505341
0.503679
0.502025
0.500379
0.498741
0.497111
0.495489
0.493875
0.492269
0.490671
0.489081
0.487498
0.485923
0.484355
0.482795
0.481243
0.479698
0.47816
0.47663
0.475108
0.473592
0.472084
0.470583
0.469089
0.467602
0.466122
0.464649
0.463184
0.461725
0.460273
0.458828
0.457389
0.455958
0.454533
0.453115
0.451703
0.450298
0.4489
0.447508
0.446122
0.444743
0.443371
0.442004
0.440644
0.439291
0.437943
0.436602
0.435267
0.433938
0.432615
0.431298
0.429987
0.428682
0.427383
0.42609
0.424802
0.423521
0.422245
0.420975
0.419711
0.418453
0.4172
0.415952
0.414711
0.413475
0.412244
0.411019
0.409799
0.408585
0.407376
0.406173
0.404975
0.403782
0.402594
0.401412
0.400235
0.399063
0.397896
0.396734
0.395578
0.394426
0.393279
0.392138
0.391001
0.389869
0.388743
0.387621
0.386504
0.385391
0.384284
0.383181
0.382083
0.38099
0.379902
0.378818
0.377738
0.376664
0.375594
0.374528
0.373467
0.372411
0.371359
0.370311
0.369268
0.368229
0.367195
0.366165
0.365139
0.364118
0.363101
0.362088
0.361079
0.360075
0.359075
0.358079
0.357087
0.356099
0.355115
0.354136
0.35316
0.352189
0.351221
0.350257
0.349298
0.348342
0.34739
0.346443
0.345499
0.344558
0.343622
0.34269
0.341761
0.340836
0.339915
0.338997
0.338084
0.337174
0.336267
0.335365
0.334465
0.33357
0.332678
0.33179
0.330905
0.330024
0.329146
0.328272
0.327401
0.326534
0.32567
0.324809
0.323952
0.323099
0.322249
0.321402
0.320558
0.319718
0.318881
0.318047
0.317217
0.31639
0.315566
0.314745
0.313927
0.313113
0.312302
0.311494
0.310689
0.309887
0.309089
0.308293
0.3075
0.306711
0.305925
0.305141
0.304361
0.303583
0.302809
0.302037
0.301269
0.300503
0.29974
0.298981
0.298224
0.29747
0.296719
0.29597
0.295225
0.294482
0.293742
0.293005
0.292271
0.291539
0.29081
0.290084
0.289361
0.28864
0.287922
0.287207
0.286494
0.285784
0.285077
0.284372
0.28367
0.28297
0.282273
0.281579
0.280887
0.280198
0.279511
0.278827
0.278145
0.277466
0.276789
0.276115
0.275443
0.274773
0.274106
0.273442
0.27278
0.27212
0.271463
0.270808
0.270155
0.269505
0.268857
0.268212
0.267569
0.266928
0.266289
0.265653
0.265019
0.264387
0.263758
0.26313
0.262505
0.261883
0.261262
0.260644
0.260028
0.259414
0.258802
0.258192
0.257585
0.256979
0.256376
0.255775
0.255176
0.254579
0.253984
0.253391
0.252801
0.252212
0.251626
0.251041
0.250459
0.249878
0.2493
0.248723
0.248149
0.247576
0.247006
0.246438
0.245871
0.245306
0.244744
0.244183
0.243624
0.243068
0.242513
0.24196
0.241408
0.240859
0.240312
0.239766
0.239222
0.238681
0.238141
0.237602
0.237066
0.236532
0.235999
0.235468
0.234939
0.234411
0.233886
0.233362
0.23284
0.23232
0.231801
0.231284
0.230769
0.230256
0.229744
0.229234
0.228726
0.228219
0.227714
0.227211
0.226709
0.22621
0.225711
0.225215
0.22472
0.224226
0.223735
0.223245
0.222756
0.222269
0.221784
0.2213
0.220818
0.220337
0.219858
0.219381
0.218905
0.218431
0.217958
0.217487
0.217017
0.216549
0.216082
0.215617
0.215153
0.214691
0.21423
0.213771
0.213313
0.212857
0.212402
0.211949
0.211497
0.211046
0.210597
0.21015
0.209704
0.209259
0.208815
0.208374
0.207933
0.207494
0.207056
0.20662
0.206185
0.205751
0.205319
0.204888
0.204458
0.20403
0.203603
0.203178
0.202754
0.202331
0.201909
0.201489
0.20107
0.200653
0.200236
0.199821
0.199408
0.198995
0.198584
0.198174
0.197766
0.197358
0.196952
0.196547
0.196144
0.195741
0.19534
0.19494
0.194542
0.194144
0.193748
0.193353
0.192959
0.192567
0.192175
0.191785
0.191396
0.191008
0.190622
0.190236
0.189852
0.189469
0.189087
0.188706
0.188326
0.187948
0.18757
0.187194
0.186819
0.186445
0.186072
0.1857
break
0
0
0
0
0
0
0
0
0
0
0
0
0
0
0
0
0
0
0
0
0
0
0
0
0
0
0
0
0
0
0
0
0
0
0
0
0
0
0
0
0
0
0
0
0
0
0
0
0
0
0
0
0
0
0
0
0
0
0
0
0
0
0
0
0
0
0
0
0
0
0
0
0
0
0
0
0
0
0
0
0
0
0
0
0
0
0
0
0
0
0
0
0
0
0
0
0
0
0
0
0
0
0
0
0
0
0
0
0
0
0
0
0
0
0
0
0
0
0
0
0
0
0
0
0
0
0
0
0
0
0
0
0
0
0
0
0
0
0
0
0
0
0
0
0
0
0
0
0
0
0
0
0
0
0
0
0
0
0
0
0
0
0
0
0
0
0
0
0
0
0
0
0
0
0
0
0
0
0
0
0
0
0
0
0
0
0
0
0
0
0
0
0
0
0
0
0
0
0
0
0
0
0
0
0
0
0
0
0
0
0
0
0
0
0
0
0
0
0
0
0
0
0
0
0
0
0
0
0
0
0
0
0
0
0
0
0
0
0
0
0
0
0
0
0
0
0
0
0
0
0
0
0
0
0
0
0
0
0
0
0
0
0
0
0
0
0
0
0
0
0
0
0
0
0
0
0
0
0
0
0
0
0
0
0
0
0
0
0
0
0
0
0
0
0
0
0
0
0
0
0
0
0
0
0
0
0
0
0
0
0
0
0
0
0
0
0
0
0
0
0
0
0
0
0
0
0
0
0
0
0
0
0
0
0
0
0
0
0
0
0
0
0
0
0
0
0
0
0
0
0
0
0
0
0
0
0
0
0
0
0
0
0
0
0
0
0
0
0
0
0
0
0
0
0
0
0
0
0
0
0
0
0
0
0
0
0
0
0
0
0
0
0
0
0
0
0
0
0
0
0
0
0
0
0
0
0
0
0
0
0
0
0
0
0
0
0
0
0
0
0
0
0
0
0
0
0
0
0
0
0
0
0
0
0
0
0
0
0
0
0
0
0
0
0
0
0
0
0
0
0
0
0
0
0
0
0
0
0
0
0
0
0
0
0
0
0
0
0
0
0
0
0
0
0
0
0
0
0
0
0
0
0
0
0
0
0
0
0
0
0
0
0
0
0
0
0
0
0
0
0
0
0
0
0
0
0
0
0
0
0
0
0
0
0
0
0
0
0
0
0
0
0
0
0
0
0
0
0
0
0
0
0
0
0
0
0
0
0
0
0
0
0
0
0
0
0
0
0
0
0
0
0
0
0
0
0
0
0
0
0
0
0
0
0
0
0
0
0
0
0
0
0
0
0
0
0
0
0
0
0
0
0
0
0
0
0
0
0
0
0
0
0
0
0
0
0
0
0
0
0
0
0
0
0
0
0
0
0
0
0
0
0
0
0
0
0
0
0
0
0
0
0
0
0
0
0
0
0
0
0
0
0
0
0
0
0
0
0
0
0
0
0
0
0
0
0
0
0
0
0
0
0
0
0
0
0
0
0
0
0
0
0
0
0
0
0
0
0
0
0
0
0
0
0
0
0
0
0
0
0
0
0
0
0
0
0
0
0
0
0
0
0
0
0
0
0
0
0
0
0
0
0
0
0
0
0
0
0
0
0
0
0
0
0
0
0
0
0
0
0
0
0
0
0
0
0
0
0
0
0
0
0
0
0
0
0
0
0
0
0
0
0
0
0
0
0
0
0
0
0
0
0
0
0
0
0
0
0
0
0
0
0
0
0
0
0
0
0
0
0
0
0
0
0
0
0
0
0
0
0
0
0
0
0
0
0
0
0
0
0
0
0
0
0
0
0
0
0
0
0
0
0
0
0
0
0
0
0
0
0
0
0
0
0
0
0
0
0
0
0
0
0
0
0
0
0
0
0
0
0
0
0
0
0
0
0
0
0
0
0
0
0
0
0
0
0
0
0
0
0
0
0
0
0
0
0
0
0
0
0
0
0
0
0
0
0
0
0
0
0
0
0
0
0
0
0
0
0
0
0
0
0
0
0
0
0
0
0
0
0
0
0
0
0
0
0
0
0
0
0
0
0
0
0
0
0
0
0
0
0
0
0
0
0
0
0
0
0
0
0
0
0
0
0
0
0
0
0
0
0
0
0
0
0
0
0
0
0
0
0
0
0
0
0
0
0
0
0
0
0
0
0
0
0
0
0
0
0
0
0
0
0
0
0
0
0
0
0
0
0
0
0
0
0
0
0
0
0
0
0
0
0
0
0
0
0
0
0
0
0
0
0
0
0
0
0
0
0
0
break
0
0
0
0
0
0
0
0
0
0
0
0
0
0
0
0
0
0
0
0
0
0
0
0
0
0
0
0
0
0
0
0
0
0
0
0
0
0
0
0
0
0
0
0
0
0
0
0
0
0
0
0
0
0
0
0
0
0
0
0
0
0
0
0
0
0
0
0
0
0
0
0
0
0
0
0
0
0
0
0
0
0
0
0
0
0
0
0
0
0
0
0
0
0
0
0
0
0
0
0
0
0
0
0
0
0
0
0
0
0
0
0
0
0
0
0
0
0
0
0
0
0
0
0
0
0
0
0
0
0
0
0
0
0
0
0
0
0
0
0
0
0
0
0
0
0
0
0
0
0
0
0
0
0
0
0
0
0
0
0
0
0
0
0
0
0
0
0
0
0
0
0
0
0
0
0
0
0
0
0
0
0
0
0
0
0
0
0
0
0
0
0
0
0
0
0
0
0
0
0
0
0
0
0
0
0
0
0
0
0
0
0
0
0
0
0
0
0
0
0
0
0
0
0
0
0
0
0
0
0
0
0
0
0
0
0
0
0
0
0
0
0
0
0
0
0
0
0
0
0
0
0
0
0
0
0
0
0
0
0
0
0
0
0
0
0
0
0
0
0
0
0
0
0
0
0
0
0
0
0
0
0
0
0
0
0
0
0
0
0
0
0
0
0
0
0
0
0
0
0
0
0
0
0
0
0
0
0
0
0
0
0
0
0
0
0
0
0
0
0
0
0
0
0
0
0
0
0
0
0
0
0
0
0
0
0
0
0
0
0
0
0
0
0
0
0
0
0
0
0
0
0
0
0
0
0
0
0
0
0
0
0
0
0
0
0
0
0
0
0
0
0
0
0
0
0
0
0
0
0
0
0
0
0
0
0
0
0
0
0
0
0
0
0
0
0
0
0
0
0
0
0
0
0
0
0
0
0
0
0
0
0
0
0
0
0
0
0
0
0
0
0
0
0
0
0
0
0
0
0
1
1
1
1
1
1
1
1
1
1
1
1
1
1
1
1
1
1
1
1
1
1
1
1
1
1
1
1
1
1
1
1
1
1
1
1
1
1
1
1
1
1
1
1
1
1
1
1
1
1
1
1
1
1
1
1
1
1
1
1
1
1
1
1
1
1
1
1
1
1
1
1
1
1
1
1
1
1
1
1
1
1
1
1
1
1
1
1
1
1
1
1
1
1
1
1
1
1
1
1
1
1
1
1
1
1
1
1
1
1
1
1
1
1
1
1
1
1
1
1
1
1
1
1
1
1
1
1
1
1
1
1
1
1
1
1
1
1
1
1
1
1
1
1
1
1
1
1
1
1
1
1
1
1
1
1
1
1
1
1
1
1
1
1
1
1
1
1
1
1
1
1
1
1
1
1
1
1
1
1
1
1
1
1
1
1
1
1
1
1
1
1
1
1
1
1
1
1
1
1
1
1
1
1
1
1
1
1
1
1
1
1
1
1
1
1
1
1
1
1
1
1
1
1
1
1
1
1
1
1
1
1
1
1
1
1
1
1
1
1
1
1
1
1
1
1
1
1
1
1
1
1
1
1
1
1
1
1
1
1
1
1
1
1
1
1
1
1
1
1
1
1
1
1
1
1
1
1
1
1
1
1
1
1
1
1
1
1
1
1
1
1
1
1
1
1
1
1
1
1
1
1
1
1
1
1
1
1
1
1
1
1
1
1
1
1
1
1
1
1
1
1
1
1
1
1
1
1
1
1
1
1
1
1
1
1
1
1
1
1
1
1
1
1
1
1
1
1
1
1
1
1
1
1
1
1
1
1
1
1
1
1
1
1
1
1
1
1
1
1
1
1
1
1
1
1
1
1
1
1
1
1
1
1
1
1
1
1
1
1
1
1
1
1
1
1
1
1
1
1
1
1
1
1
1
1
1
1
1
1
1
1
1
1
1
1
1
1
1
1
1
1
1
1
1
1
1
1
1
1
1
1
1
1
1
1
1
1
1
1
1
1
1
1
1
1
1
1
1
1
1
1
1
1
1
1
1
1
1
1
1
1
1
1
1
1
1
1
1
1
1
1
1
1
1
1
1
1
1
1
1
1
1
1
1
1
1
1
1
1
1
1
1
1
1
1
1
1
1
1
1
1
1
1
1
1
1
1
1
1
1
1
1
1
1
1
1
1
1
1
1
1
1
1
1
1
1
1
1
1
1
1
1
1
1
1
1
1
1
1
1
1
1
1
1
1
1
1
1
1
1
1
1
1
1
1
1
1
1
1
1
1
1
1
1
1
1
1
1
1
break
1
1
1
1
1
1
1
1
1
1
1
1
1
1
1
1
1
1
1
1
1
1
1
1
1
1
1
1
1
1
1
1
1
1
1
1
1
1
1
1
1
1
1
1
1
1
1
1
1
1
1
1
1
1
1
1
1
1
1
1
1
1
1
1
1
1
1
1
1
1
1
1
1
1
1
1
1
1
1
1
1
1
1
1
1
1
1
1
1
1
1
1
1
1
1
1
1
1
1
1
1
1
1
1
1
1
1
1
1
1
1
1
1
1
1
1
1
1
1
1
1
1
1
1
1
1
1
1
1
1
1
1
1
1
1
1
1
1
1
1
1
1
1
1
1
1
1
1
1
1
1
1
1
1
1
1
1
1
1
1
1
1
1
1
1
1
1
1
1
1
1
1
1
1
1
1
1
1
1
1
1
1
1
1
1
1
1
1
1
1
1
1
1
1
1
1
1
1
1
1
1
1
1
1
1
1
1
1
1
1
1
1
1
1
1
1
1
1
1
1
1
1
1
1
1
1
1
1
1
1
1
1
1
1
1
1
1
1
1
1
1
1
1
1
1
1
1
1
1
1
1
1
1
1
1
1
1
1
1
1
1
1
1
1
1
1
1
1
1
1
1
1
1
1
1
1
1
1
1
1
1
1
1
1
1
1
1
1
1
1
1
1
1
1
1
1
1
1
1
1
1
1
1
1
1
1
1
1
1
1
1
1
1
1
1
1
1
1
1
1
1
1
1
1
1
1
1
1
1
1
1
1
1
1
1
1
1
1
1
1
1
1
1
1
1
1
1
1
1
1
1
1
1
1
1
1
1
1
1
1
1
1
1
1
1
1
1
1
1
1
1
1
1
1
1
1
1
1
1
1
1
1
1
1
1
1
1
1
1
1
1
1
1
1
1
1
1
1
1
1
1
1
1
1
1
1
1
1
1
1
1
1
1
1
1
1
1
1
1
1
1
1
1
1
1
1
1
1
1
1
0.998355
0.993744
0.989164
0.984616
0.9801
0.975614
0.971159
0.966735
0.962341
0.957976
0.953641
0.949336
0.94506
0.940812
0.936593
0.932403
0.92824
0.924106
0.919999
0.915919
0.911866
0.90784
0.903841
0.899868
0.895921
0.892
0.888105
0.884235
0.880391
0.876571
0.872777
0.869007
0.865261
0.861539
0.857842
0.854168
0.850518
0.846891
0.843287
0.839706
0.836148
0.832612
0.829099
0.825608
0.822139
0.818692
0.815267
0.811863
0.80848
0.805118
0.801778
0.798458
0.795158
0.791879
0.78862
0.785382
0.782163
0.778964
0.775785
0.772625
0.769484
0.766362
0.763259
0.760176
0.75711
0.754064
0.751035
0.748025
0.745033
0.742059
0.739102
0.736164
0.733242
0.730338
0.727452
0.724582
0.721729
0.718894
0.716074
0.713272
0.710486
0.707716
0.704962
0.702224
0.699502
0.696796
0.694106
0.691431
0.688772
0.686128
0.683499
0.680885
0.678286
0.675703
0.673133
0.670579
0.668039
0.665513
0.663002
0.660504
0.658021
0.655552
0.653097
0.650656
0.648228
0.645813
0.643413
0.641025
0.638651
0.63629
0.633942
0.631607
0.629285
0.626976
0.624679
0.622395
0.620124
0.617865
0.615618
0.613383
0.611161
0.60895
0.606752
0.604566
0.602391
0.600228
0.598077
0.595937
0.593808
0.591691
0.589586
0.587491
0.585408
0.583336
0.581275
0.579224
0.577185
0.575156
0.573138
0.57113
0.569133
0.567147
0.565171
0.563205
0.561249
0.559304
0.557369
0.555443
0.553528
0.551623
0.549727
0.547841
0.545965
0.544098
0.542241
0.540394
0.538556
0.536727
0.534908
0.533098
0.531297
0.529505
0.527722
0.525948
0.524183
0.522427
0.52068
0.518941
0.517211
0.51549
0.513778
0.512074
0.510378
0.508691
0.507012
0.505341
0.503679
0.502025
0.500379
0.498741
0.497111
0.495489
0.493875
0.492269
0.490671
0.489081
0.487498
0.485923
0.484355
0.482795
0.481243
0.479698
0.47816
0.47663
0.475108
0.473592
0.472084
0.470583
0.469089
0.467602
0.466122
0.464649
0.463184
0.461725
0.460273
0.458828
0.457389
0.455958
0.454533
0.453115
0.451703
0.450298
0.4489
0.447508
0.446122
0.444743
0.443371
0.442004
0.440644
0.439291
0.437943
0.436602
0.435267
0.433938
0.432615
0.431298
0.429987
0.428682
0.427383
0.42609
0.424802
0.423521
0.422245
0.420975
0.419711
0.418453
0.4172
0.415952
0.414711
0.413475
0.412244
0.411019
0.409799
0.408585
0.407376
0.406173
0.404975
0.403782
0.402594
0.401412
0.400235
0.399063
0.397896
0.396734
0.395578
0.394426
0.393279
0.392138
0.391001
0.389869
0.388743
0.387621
0.386504
0.385391
0.384284
0.383181
0.382083
0.38099
0.379902
0.378818
0.377738
0.376664
0.375594
0.374528
0.373467
0.372411
0.371359
0.370311
0.369268
0.368229
0.367195
0.366165
0.365139
0.364118
0.363101
0.362088
0.361079
0.360075
0.359075
0.358079
0.357087
0.356099
0.355115
0.354136
0.35316
0.352189
0.351221
0.350257
0.349298
0.348342
0.34739
0.346443
0.345499
0.344558
0.343622
0.34269
0.341761
0.340836
0.339915
0.338997
0.338084
0.337174
0.336267
0.335365
0.334465
0.33357
0.332678
0.33179
0.330905
0.330024
0.329146
0.328272
0.327401
0.326534
0.32567
0.324809
0.323952
0.323099
0.322249
0.321402
0.320558
0.319718
0.318881
0.318047
0.317217
0.31639
0.315566
0.314745
0.313927
0.313113
0.312302
0.311494
0.310689
0.309887
0.309089
0.308293
0.3075
0.306711
0.305925
0.305141
0.304361
0.303583
0.302809
0.302037
0.301269
0.300503
0.29974
0.298981
0.298224
0.29747
0.296719
0.29597
0.295225
0.294482
0.293742
0.293005
0.292271
0.291539
0.29081
0.290084
0.289361
0.28864
0.287922
0.287207
0.286494
0.285784
0.285077
0.284372
0.28367
0.28297
0.282273
0.281579
0.280887
0.280198
0.279511
0.278827
0.278145
0.277466
0.276789
0.276115
0.275443
0.274773
0.274106
0.273442
0.27278
0.27212
0.271463
0.270808
0.270155
0.269505
0.268857
0.268212
0.267569
0.266928
0.266289
0.265653
0.265019
0.264387
0.263758
0.26313
0.262505
0.261883
0.261262
0.260644
0.260028
0.259414
0.258802
0.258192
0.257585
0.256979
0.256376
0.255775
0.255176
0.254579
0.253984
0.253391
0.252801
0.252212
0.251626
0.251041
0.250459
0.249878
0.2493
0.248723
0.248149
0.247576
0.247006
0.246438
0.245871
0.245306
0.244744
0.244183
0.243624
0.243068
0.242513
0.24196
0.241408
0.240859
0.240312
0.239766
0.239222
0.238681
0.238141
0.237602
0.237066
0.236532
0.235999
0.235468
0.234939
0.234411
0.233886
0.233362
0.23284
0.23232
0.231801
0.231284
0.230769
0.230256
0.229744
0.229234
0.228726
0.228219
0.227714
0.227211
0.226709
0.22621
0.225711
0.225215
0.22472
0.224226
0.223735
0.223245
0.222756
0.222269
0.221784
0.2213
0.220818
0.220337
0.219858
0.219381
0.218905
0.218431
0.217958
0.217487
0.217017
0.216549
0.216082
0.215617
0.215153
0.214691
0.21423
0.213771
0.213313
0.212857
0.212402
0.211949
0.211497
0.211046
0.210597
0.21015
0.209704
0.209259
0.208815
0.208374
0.207933
0.207494
0.207056
0.20662
0.206185
0.205751
0.205319
0.204888
0.204458
0.20403
0.203603
0.203178
0.202754
0.202331
0.201909
0.201489
0.20107
0.200653
0.200236
0.199821
0.199408
0.198995
0.198584
0.198174
0.197766
0.197358
0.196952
0.196547
0.196144
0.195741
0.19534
0.19494
0.194542
0.194144
0.193748
0.193353
0.192959
0.192567
0.192175
0.191785
0.191396
0.191008
0.190622
0.190236
0.189852
0.189469
0.189087
0.188706
0.188326
0.187948
0.18757
0.187194
0.186819
0.186445
0.186072
0.1857
break
1
1
1
1
1
1
1
1
1
1
1
1
1
1
1
1
1
1
1
1
1
1
1
1
1
1
1
1
1
1
1
1
1
1
1
1
1
1
1
1
1
1
1
1
1
1
1
1
1
1
1
1
1
1
1
1
1
1
1
1
1
1
1
1
1
1
1
1
1
1
1
1
1
1
1
1
1
1
1
1
1
1
1
1
1
1
1
1
1
1
1
1
1
1
1
1
1
1
1
1
1
1
1
1
1
1
1
1
1
1
1
1
1
1
1
1
1
1
1
1
1
1
1
1
1
1
1
1
1
1
1
1
1
1
1
1
1
1
1
1
1
1
1
1
1
1
1
1
1
1
1
1
1
1
1
1
1
1
1
1
1
1
1
1
1
1
1
1
1
1
1
1
1
1
1
1
1
1
1
1
1
1
1
1
1
1
1
1
1
1
1
1
1
1
1
1
1
1
1
1
1
1
1
1
1
1
1
1
1
1
1
1
1
1
1
1
1
1
1
1
1
1
1
1
1
1
1
1
1
1
1
1
1
1
1
1
1
1
1
1
1
1
1
1
1
1
1
1
1
1
1
1
1
1
1
1
1
1
1
1
1
1
1
1
1
1
1
1
1
1
1
1
1
1
1
1
1
1
1
1
1
1
1
1
1
1
1
1
1
1
1
1
1
1
1
1
1
1
1
1
1
1
1
1
1
1
1
1
1
1
1
1
1
1
1
1
1
1
1
1
1
1
1
1
1
1
1
1
1
1
1
1
1
1
1
1
1
1
1
1
1
1
1
1
1
1
1
1
1
1
1
1
1
1
1
1
1
1
1
1
1
1
1
1
1
1
1
1
1
1
1
1
1
1
1
1
1
1
1
1
1
1
1
1
1
1
1
1
1
1
1
1
1
1
1
1
1
1
1
1
1
1
1
1
1
1
1
1
1
1
1
1
1
1
1
1
1
1
1
1
1
1
1
1
1
1
1
1
1
1
1
1
1
1
1
1
1
1
1
1
1
1
1
1
1
1
1
1
1
1
1
1
1
1
1
1
1
1
1
1
1
1
1
1
1
1
1
1
1
1
1
1
1
1
1
1
1
1
1
1
1
1
1
1
1
1
1
1
1
1
1
1
1
1
1
1
1
1
1
1
1
1
1
1
1
1
1
1
1
1
1
1
1
1
1
1
1
1
1
1
1
1
1
1
1
1
1
1
1
1
1
1
1
1
1
1
1
1
1
1
1
1
1
1
1
1
1
1
1
1
1
1
1
1
1
1
1
1
1
1
1
1
1
1
1
1
1
1
1
1
1
1
1
1
1
1
1
1
1
1
1
1
1
1
1
1
1
1
1
1
1
1
1
1
1
1
1
1
1
1
1
1
1
1
1
1
1
1
1
1
1
1
1
1
1
1
1
1
1
1
1
1
1
1
1
1
1
1
1
1
1
1
1
1
1
1
1
1
1
1
1
1
1
1
1
1
1
1
1
1
1
1
1
1
1
1
1
1
1
1
1
1
1
1
1
1
1
1
1
1
1
1
1
1
1
1
1
1
1
1
1
1
1
1
1
1
1
1
1
1
1
1
1
1
1
1
1
1
1
1
1
1
1
1
1
1
1
1
1
1
1
1
1
1
1
1
1
1
1
1
1
1
1
1
1
1
1
1
1
1
1
1
1
1
1
1
1
1
1
1
1
1
1
1
1
1
1
1
1
1
1
1
1
1
1
1
1
1
1
1
1
1
1
1
1
1
1
1
1
1
1
1
1
1
1
1
1
1
1
1
1
1
1
1
1
1
1
1
1
1
1
1
1
1
1
1
1
1
1
1
1
1
1
1
1
1
1
1
1
1
1
1
1
1
1
1
1
1
1
1
1
1
1
1
1
1
1
1
1
1
1
1
1
1
1
1
1
1
1
1
1
1
1
1
1
1
1
1
1
1
1
1
1
1
1
1
1
1
1
1
1
1
1
1
1
1
1
1
1
1
1
1
1
1
1
1
1
1
1
1
1
1
1
1
1
1
1
1
1
1
1
1
1
1
1
1
1
1
1
1
1
1
1
1
1
1
1
1
1
1
1
1
1
1
1
1
1
1
1
1
1
1
1
1
1
1
1
1
1
1
1
1
1
1
1
1
1
1
1
1
1
1
1
1
1
1
1
1
1
1
1
1
1
1
1
1
1
1
1
1
1
1
1
1
1
1
1
1
1
1
1
1
1
1
1
1
1
1
1
1
1
1
1
1
1
1
1
1
1
1
1
1
1
1
1
1
1
1
1
1
break
1
1
1
1
1
1
1
1
1
1
1
1
1
1
1
1
1
1
1
1
1
1
1
1
1
1
1
1
1
1
1
1
1
1
1
1
1
1
1
1
1
1
1
1
1
1
1
1
1
1
1
1
1
1
1
1
1
1
1
1
1
1
1
1
1
1
1
1
1
1
1
1
1
1
1
1
1
1
1
1
1
1
1
1
1
1
1
1
1
1
1
1
1
1
1
1
1
1
1
1
1
1
1
1
1
1
1
1
1
1
1
1
1
1
1
1
1
1
1
1
1
1
1
1
1
1
1
1
1
1
1
1
1
1
1
1
1
1
1
1
1
1
1
1
1
1
1
1
1
1
1
1
1
1
1
1
1
1
1
1
1
1
1
1
1
1
1
1
1
1
1
1
1
1
1
1
1
1
1
1
1
1
1
1
1
1
1
1
1
1
1
1
1
1
1
1
1
1
1
1
1
1
1
1
1
1
1
1
1
1
1
1
1
1
1
1
1
1
1
1
1
1
1
1
1
1
1
1
1
1
1
1
1
1
1
1
1
1
1
1
1
1
1
1
1
1
1
1
1
1
1
1
1
1
1
1
1
1
1
1
1
1
1
1
1
1
1
1
1
1
1
1
1
1
1
1
1
1
1
1
1
1
1
1
1
1
1
1
1
1
1
1
1
1
1
1
1
1
1
1
1
1
1
1
1
1
1
1
1
1
1
1
1
1
1
1
1
1
1
1
1
1
1
1
1
1
1
1
1
1
1
1
1
1
1
1
1
1
1
1
1
1
1
1
1
1
1
1
1
1
1
1
1
1
1
1
1
1
1
1
1
1
1
1
1
1
1
1
1
1
1
1
1
1
1
1
1
1
1
1
1
1
1
1
1
1
1
1
1
1
1
1
1
1
1
1
1
1
1
1
1
1
1
1
1
1
1
1
1
1
1
1
1
1
1
1
1
1
1
1
1
1
1
1
1
1
1
1
1
1
0.998355
0.993744
0.989164
0.984616
0.9801
0.975614
0.971159
0.966735
0.962341
0.957976
0.953641
0.949336
0.94506
0.940812
0.936593
0.932403
0.92824
0.924106
0.919999
0.915919
0.911866
0.90784
0.903841
0.899868
0.895921
0.892
0.888105
0.884235
0.880391
0.876571
0.872777
0.869007
0.865261
0.861539
0.857842
0.854168
0.850518
0.846891
0.843287
0.839706
0.836148
0.832612
0.829099
0.825608
0.822139
0.818692
0.815267
0.811863
0.80848
0.805118
0.801778
0.798458
0.795158
0.791879
0.78862
0.785382
0.782163
0.778964
0.775785
0.772625
0.769484
0.766362
0.763259
0.760176
0.75711
0.754064
0.751035
0.748025
0.745033
0.742059
0.739102
0.736164
0.733242
0.730338
0.727452
0.724582
0.721729
0.718894
0.716074
0.713272
0.710486
0.707716
0.704962
0.702224
0.699502
0.696796
0.694106
0.691431
0.688772
0.686128
0.683499
0.680885
0.678286
0.675703
0.673133
0.670579
0.668039
0.665513
0.663002
0.660504
0.658021
0.655552
0.653097
0.650656
0.648228
0.645813
0.643413
0.641025
0.638651
0.63629
0.633942
0.631607
0.629285
0.626976
0.624679
0.622395
0.620124
0.617865
0.615618
0.613383
0.611161
0.60895
0.606752
0.604566
0.602391
0.600228
0.598077
0.595937
0.593808
0.591691
0.589586
0.587491
0.585408
0.583336
0.581275
0.579224
0.577185
0.575156
0.573138
0.57113
0.569133
0.567147
0.565171
0.563205
0.561249
0.559304
0.557369
0.555443
0.553528
0.551623
0.549727
0.547841
0.545965
0.544098
0.542241
0.540394
0.538556
0.536727
0.534908
0.533098
0.531297
0.529505
0.527722
0.525948
0.524183
0.522427
0.52068
0.518941
0.517211
0.51549
0.513778
0.512074
0.510378
0.508691
0.507012
0.505341
0.503679
0.502025
0.500379
0.498741
0.497111
0.495489
0.493875
0.492269
0.490671
0.489081
0.487498
0.485923
0.484355
0.482795
0.481243
0.479698
0.47816
0.47663
0.475108
0.473592
0.472084
0.470583
0.469089
0.467602
0.466122
0.464649
0.463184
0.461725
0.460273
0.458828
0.457389
0.455958
0.454533
0.453115
0.451703
0.450298
0.4489
0.447508
0.446122
0.444743
0.443371
0.442004
0.440644
0.439291
0.437943
0.436602
0.435267
0.433938
0.432615
0.431298
0.429987
0.428682
0.427383
0.42609
0.424802
0.423521
0.422245
0.420975
0.419711
0.418453
0.4172
0.415952
0.414711
0.413475
0.412244
0.411019
0.409799
0.408585
0.407376
0.406173
0.404975
0.403782
0.402594
0.401412
0.400235
0.399063
0.397896
0.396734
0.395578
0.394426
0.393279
0.392138
0.391001
0.389869
0.388743
0.387621
0.386504
0.385391
0.384284
0.383181
0.382083
0.38099
0.379902
0.378818
0.377738
0.376664
0.375594
0.374528
0.373467
0.372411
0.371359
0.370311
0.369268
0.368229
0.367195
0.366165
0.365139
0.364118
0.363101
0.362088
0.361079
0.360075
0.359075
0.358079
0.357087
0.356099
0.355115
0.354136
0.35316
0.352189
0.351221
0.350257
0.349298
0.348342
0.34739
0.346443
0.345499
0.344558
0.343622
0.34269
0.341761
0.340836
0.339915
0.338997
0.338084
0.337174
0.336267
0.335365
0.334465
0.33357
0.332678
0.33179
0.330905
0.330024
0.329146
0.328272
0.327401
0.326534
0.32567
0.324809
0.323952
0.323099
0.322249
0.321402
0.320558
0.319718
0.318881
0.318047
0.317217
0.31639
0.315566
0.314745
0.313927
0.313113
0.312302
0.311494
0.310689
0.309887
0.309089
0.308293
0.3075
0.306711
0.305925
0.305141
0.304361
0.303583
0.302809
0.302037
0.301269
0.300503
0.29974
0.298981
0.298224
0.29747
0.296719
0.29597
0.295225
0.294482
0.293742
0.293005
0.292271
0.291539
0.29081
0.290084
0.289361
0.28864
0.287922
0.287207
0.286494
0.285784
0.285077
0.284372
0.28367
0.28297
0.282273
0.281579
0.280887
0.280198
0.279511
0.278827
0.278145
0.277466
0.276789
0.276115
0.275443
0.274773
0.274106
0.273442
0.27278
0.27212
0.271463
0.270808
0.270155
0.269505
0.268857
0.268212
0.267569
0.266928
0.266289
0.265653
0.265019
0.264387
0.263758
0.26313
0.262505
0.261883
0.261262
0.260644
0.260028
0.259414
0.258802
0.258192
0.257585
0.256979
0.256376
0.255775
0.255176
0.254579
0.253984
0.253391
0.252801
0.252212
0.251626
0.251041
0.250459
0.249878
0.2493
0.248723
0.248149
0.247576
0.247006
0.246438
0.245871
0.245306
0.244744
0.244183
0.243624
0.243068
0.242513
0.24196
0.241408
0.240859
0.240312
0.239766
0.239222
0.238681
0.238141
0.237602
0.237066
0.236532
0.235999
0.235468
0.234939
0.234411
0.233886
0.233362
0.23284
0.23232
0.231801
0.231284
0.230769
0.230256
0.229744
0.229234
0.228726
0.228219
0.227714
0.227211
0.226709
0.22621
0.225711
0.225215
0.22472
0.224226
0.223735
0.223245
0.222756
0.222269
0.221784
0.2213
0.220818
0.220337
0.219858
0.219381
0.218905
0.218431
0.217958
0.217487
0.217017
0.216549
0.216082
0.215617
0.215153
0.214691
0.21423
0.213771
0.213313
0.212857
0.212402
0.211949
0.211497
0.211046
0.210597
0.21015
0.209704
0.209259
0.208815
0.208374
0.207933
0.207494
0.207056
0.20662
0.206185
0.205751
0.205319
0.204888
0.204458
0.20403
0.203603
0.203178
0.202754
0.202331
0.201909
0.201489
0.20107
0.200653
0.200236
0.199821
0.199408
0.198995
0.198584
0.198174
0.197766
0.197358
0.196952
0.196547
0.196144
0.195741
0.19534
0.19494
0.194542
0.194144
0.193748
0.193353
0.192959
0.192567
0.192175
0.191785
0.191396
0.191008
0.190622
0.190236
0.189852
0.189469
0.189087
0.188706
0.188326
0.187948
0.18757
0.187194
0.186819
0.186445
0.186072
0.1857
break
0
0
0
0
0
0
0
0
0
0
0
0
0
0
0
0
0
0
0
0
0
0
0
0
0
0
0
0
0
0
0
0
0
0
0
0
0
0
0
0
0
0
0
0
0
0
0
0
0
0
0
0
0
0
0
0
0
0
0
0
0
0
0
0
0
0
0
0
0
0
0
0
0
0
0
0
0
0
0
0
0
0
0
0
0
0
0
0
0
0
0
0
0
0
0
0
0
0
0
0
0
0
0
0
0
0
0
0
0
0
0
0
0
0
0
0
0
0
0
0
0
0
0
0
0
0
0
0
0
0
0
0
0
0
0
0
0
0
0
0
0
0
0
0
0
0
0
0
0
0
0
0
0
0
0
0
0
0
0
0
0
0
0
0
0
0
0
0
0
0
0
0
0
0
0
0
0
0
0
0
0
0
0
0
0
0
0
0
0
0
0
0
0
0
0
0
0
0
0
0
0
0
0
0
0
0
0
0
0
0
0
0
0
0
0
0
0
0
0
0
0
0
0
0
0
0
0
0
0
0
0
0
0
0
0
0
0
0
0
0
0
0
0
0
0
0
0
0
0
0
0
0
0
0
0
0
0
0
0
0
0
0
0
0
0
0
0
0
0
0
0
0
0
0
0
0
0
0
0
0
0
0
0
0
0
0
0
0
0
0
0
0
0
0
0
0
0
0
0
0
0
0
0
0
0
0
0
0
0
0
0
0
0
0
0
0
0
0
0
0
0
0
0
0
0
0
0
0
0
0
0
0
0
0
0
0
0
0
0
0
0
0
0
0
0
0
0
0
0
0
0
0
0
0
0
0
0
0
0
0
0
0
0
0
0
0
0
0
0
0
0
0
0
0
0
0
0
0
0
0
0
0
0
0
0
0
0
0
0
0
0
0
0
0
0
0
0
0
0
0
0
0
0
0
0
0
0
0
0
0
0
0
0
0
0
0
0
0
0
0
0
0
0
0
0
0
0
0
0
0
0
0
0
0
0
0
0
0
0
0
0
0
0
0
0
0
0
0
0
0
0
0
0
0
0
0
0
0
0
0
0
0
0
0
0
0
0
0
0
0
0
0
0
0
0
0
0
0
0
0
0
0
0
0
0
0
0
0
0
0
0
0
0
0
0
0
0
0
0
0
0
0
0
0
0
0
0
0
0
0
0
0
0
0
0
0
0
0
0
0
0
0
0
0
0
0
0
0
0
0
0
0
0
0
0
0
0
0
0
0
0
0
0
0
0
0
0
0
0
0
0
0
0
0
0
0
0
0
0
0
0
0
0
0
0
0
0
0
0
0
0
0
0
0
0
0
0
0
0
0
0
0
0
0
0
0
0
0
0
0
0
0
0
0
0
0
0
0
0
0
0
0
0
0
0
0
0
0
0
0
0
0
0
0
0
0
0
0
0
0
0
0
0
0
0
0
0
0
0
0
0
0
0
0
0
0
0
0
0
0
0
0
0
0
0
0
0
0
0
0
0
0
0
0
0
0
0
0
0
0
0
0
0
0
0
0
0
0
0
0
0
0
0
0
0
0
0
0
0
0
0
0
0
0
0
0
0
0
0
0
0
0
0
0
0
0
0
0
0
0
0
0
0
0
0
0
0
0
0
0
0
0
0
0
0
0
0
0
0
0
0
0
0
0
0
0
0
0
0
0
0
0
0
0
0
0
0
0
0
0
0
0
0
0
0
0
0
0
0
0
0
0
0
0
0
0
0
0
0
0
0
0
0
0
0
0
0
0
0
0
0
0
0
0
0
0
0
0
0
0
0
0
0
0
0
0
0
0
0
0
0
0
0
0
0
0
0
0
0
0
0
0
0
0
0
0
0
0
0
0
0
0
0
0
0
0
0
0
0
0
0
0
0
0
0
0
0
0
0
0
0
0
0
0
0
0
0
0
0
0
0
0
0
0
0
0
0
0
0
0
0
0
0
0
0
0
0
0
0
0
0
0
0
0
0
0
0
0
0
0
0
0
0
0
0
0
0
0
0
0
0
0
0
0
0
0
0
0
0
0
0
0
0
0
0
0
0
0
0
0
0
0
0
0
0
0
0
0
0
0
0
0
0
0
0
0
0
0
0
0
0
0
0
0
0
0
0
0
0
0
0
0
0
0
0
0
0
0
0
0
0
0
0
0
0
0
0
0
0
0
0
0
0
0
0
0
0
0
0
0
0
0
0
0
0
0
0
0
0
0
0
0
0
0
0
0
0
0
0
0
0
0
0
0
0
0
0
0
0
0
0
0
0
0
0
0
0
0
0
0
break
0
0
0
0
0
0
0
0
0
0
0
0
0
0
0
0
0
0
0
0
0
0
0
0
0
0
0
0
0
0
0
0
0
0
0
0
0
0
0
0
0
0
0
0
0
0
0
0
0
0
0
0
0
0
0
0
0
0
0
0
0
0
0
0
0
0
0
0
0
0
0
0
0
0
0
0
0
0
0
0
0
0
0
0
0
0
0
0
0
0
0
0
0
0
0
0
0
0
0
0
0
0
0
0
0
0
0
0
0
0
0
0
0
0
0
0
0
0
0
0
0
0
0
0
0
0
0
0
0
0
0
0
0
0
0
0
0
0
0
0
0
0
0
0
0
0
0
0
0
0
0
0
0
0
0
0
0
0
0
0
0
0
0
0
0
0
0
0
0
0
0
0
0
0
0
0
0
0
0
0
0
0
0
0
0
0
0
0
0
0
0
0
0
0
0
0
0
0
0
0
0
0
0
0
0
0
0
0
0
0
0
0
0
0
0
0
0
0
0
0
0
0
0
0
0
0
0
0
0
0
0
0
0
0
0
0
0
0
0
0
0
0
0
0
0
0
0
0
0
0
0
0
0
0
0
0
0
0
0
0
0
0
0
0
0
0
0
0
0
0
0
0
0
0
0
0
0
0
0
0
0
0
0
0
0
0
0
0
0
0
0
0
0
0
0
0
0
0
0
0
0
0
0
0
0
0
0
0
0
0
0
0
0
0
0
0
0
0
0
0
0
0
0
0
0
0
0
0
0
0
0
0
0
0
0
0
0
0
0
0
0
0
0
0
0
0
0
0
0
0
0
0
0
0
0
0
0
0
0
0
0
0
0
0
0
0
0
0
0
0
0
0
0
0
0
0
0
0
0
0
0
0
0
0
0
0
0
0
0
0
0
0
0
0
0
0
0
0
0
0
0
0
0
0
0
0
0
0
0
0
0
0
0
0
0
0
0
0
0
0
0
0
0
0
0
0
0
0
0
0
1
1
1
1
1
1
1
1
1
1
1
1
1
1
1
1
1
1
1
1
1
1
1
1
1
1
1
1
1
1
1
1
1
1
1
1
1
1
1
1
1
1
1
1
1
1
1
1
1
1
1
1
1
1
1
1
1
1
1
1
1
1
1
1
1
1
1
1
1
1
1
1
1
1
1
1
1
1
1
1
1
1
1
1
1
1
1
1
1
1
1
1
1
1
1
1
1
1
1
1
1
1
1
1
1
1
1
1
1
1
1
1
1
1
1
1
1
1
1
1
1
1
1
1
1
1
1
1
1
1
1
1
1
1
1
1
1
1
1
1
1
1
1
1
1
1
1
1
1
1
1
1
1
1
1
1
1
1
1
1
1
1
1
1
1
1
1
1
1
1
1
1
1
1
1
1
1
1
1
1
1
1
1
1
1
1
1
1
1
1
1
1
1
1
1
1
1
1
1
1
1
1
1
1
1
1
1
1
1
1
1
1
1
1
1
1
1
1
1
1
1
1
1
1
1
1
1
1
1
1
1
1
1
1
1
1
1
1
1
1
1
1
1
1
1
1
1
1
1
1
1
1
1
1
1
1
1
1
1
1
1
1
1
1
1
1
1
1
1
1
1
1
1
1
1
1
1
1
1
1
1
1
1
1
1
1
1
1
1
1
1
1
1
1
1
1
1
1
1
1
1
1
1
1
1
1
1
1
1
1
1
1
1
1
1
1
1
1
1
1
1
1
1
1
1
1
1
1
1
1
1
1
1
1
1
1
1
1
1
1
1
1
1
1
1
1
1
1
1
1
1
1
1
1
1
1
1
1
1
1
1
1
1
1
1
1
1
1
1
1
1
1
1
1
1
1
1
1
1
1
1
1
1
1
1
1
1
1
1
1
1
1
1
1
1
1
1
1
1
1
1
1
1
1
1
1
1
1
1
1
1
1
1
1
1
1
1
1
1
1
1
1
1
1
1
1
1
1
1
1
1
1
1
1
1
1
1
1
1
1
1
1
1
1
1
1
1
1
1
1
1
1
1
1
1
1
1
1
1
1
1
1
1
1
1
1
1
1
1
1
1
1
1
1
1
1
1
1
1
1
1
1
1
1
1
1
1
1
1
1
1
1
1
1
1
1
1
1
1
1
1
1
1
1
1
1
1
1
1
1
1
1
1
1
1
1
1
1
1
1
1
1
1
1
1
1
1
1
1
1
1
1
1
1
1
1
1
1
1
1
1
1
1
1
1
1
1
1
1
1
1
1
1
1
1
1
1
1
1
1
1
1
1
1
1
1
1
1
1
1
break
1
1
1
1
1
1
1
1
1
1
1
1
1
1
1
1
1
1
1
1
1
1
1
1
1
1
1
1
1
1
1
1
1
1
1
1
1
1
1
1
1
1
1
1
1
1
1
1
1
1
1
1
1
1
1
1
1
1
1
1
1
1
1
1
1
1
1
1
1
1
1
1
1
1
1
1
1
1
1
1
1
1
1
1
1
1
1
1
1
1
1
1
1
1
1
1
1
1
1
1
1
1
1
1
1
1
1
1
1
1
1
1
1
1
1
1
1
1
1
1
1
1
1
1
1
1
1
1
1
1
1
1
1
1
1
1
1
1
1
1
1
1
1
1
1
1
1
1
1
1
1
1
1
1
1
1
1
1
1
1
1
1
1
1
1
1
1
1
1
1
1
1
1
1
1
1
1
1
1
1
1
1
1
1
1
1
1
1
1
1
1
1
1
1
1
1
1
1
1
1
1
1
1
1
1
1
1
1
1
1
1
1
1
1
1
1
1
1
1
1
1
1
1
1
1
1
1
1
1
1
1
1
1
1
1
1
1
1
1
1
1
1
1
1
1
1
1
1
1
1
1
1
1
1
1
1
1
1
1
1
1
1
1
1
1
1
1
1
1
1
1
1
1
1
1
1
1
1
1
1
1
1
1
1
1
1
1
1
1
1
1
1
1
1
1
1
1
1
1
1
1
1
1
1
1
1
1
1
1
1
1
1
1
1
1
1
1
1
1
1
1
1
1
1
1
1
1
1
1
1
1
1
1
1
1
1
1
1
1
1
1
1
1
1
1
1
1
1
1
1
1
1
1
1
1
1
1
1
1
1
1
1
1
1
1
1
1
1
1
1
1
1
1
1
1
1
1
1
1
1
1
1
1
1
1
1
1
1
1
1
1
1
1
1
1
1
1
1
1
1
1
1
1
1
1
1
1
1
1
1
1
1
1
1
1
1
1
1
1
1
1
1
1
1
1
1
1
1
1
1
0.998355
0.993744
0.989164
0.984616
0.9801
0.975614
0.971159
0.966735
0.962341
0.957976
0.953641
0.949336
0.94506
0.940812
0.936593
0.932403
0.92824
0.924106
0.919999
0.915919
0.911866
0.90784
0.903841
0.899868
0.895921
0.892
0.888105
0.884235
0.880391
0.876571
0.872777
0.869007
0.865261
0.861539
0.857842
0.854168
0.850518
0.846891
0.843287
0.839706
0.836148
0.832612
0.829099
0.825608
0.822139
0.818692
0.815267
0.811863
0.80848
0.805118
0.801778
0.798458
0.795158
0.791879
0.78862
0.785382
0.782163
0.778964
0.775785
0.772625
0.769484
0.766362
0.763259
0.760176
0.75711
0.754064
0.751035
0.748025
0.745033
0.742059
0.739102
0.736164
0.733242
0.730338
0.727452
0.724582
0.721729
0.718894
0.716074
0.713272
0.710486
0.707716
0.704962
0.702224
0.699502
0.696796
0.694106
0.691431
0.688772
0.686128
0.683499
0.680885
0.678286
0.675703
0.673133
0.670579
0.668039
0.665513
0.663002
0.660504
0.658021
0.655552
0.653097
0.650656
0.648228
0.645813
0.643413
0.641025
0.638651
0.63629
0.633942
0.631607
0.629285
0.626976
0.624679
0.622395
0.620124
0.617865
0.615618
0.613383
0.611161
0.60895
0.606752
0.604566
0.602391
0.600228
0.598077
0.595937
0.593808
0.591691
0.589586
0.587491
0.585408
0.583336
0.581275
0.579224
0.577185
0.575156
0.573138
0.57113
0.569133
0.567147
0.565171
0.563205
0.561249
0.559304
0.557369
0.555443
0.553528
0.551623
0.549727
0.547841
0.545965
0.544098
0.542241
0.540394
0.538556
0.536727
0.534908
0.533098
0.531297
0.529505
0.527722
0.525948
0.524183
0.522427
0.52068
0.518941
0.517211
0.51549
0.513778
0.512074
0.510378
0.508691
0.507012
0.505341
0.503679
0.502025
0.500379
0.498741
0.497111
0.495489
0.493875
0.492269
0.490671
0.489081
0.487498
0.485923
0.484355
0.482795
0.481243
0.479698
0.47816
0.47663
0.475108
0.473592
0.472084
0.470583
0.469089
0.467602
0.466122
0.464649
0.463184
0.461725
0.460273
0.458828
0.457389
0.455958
0.454533
0.453115
0.451703
0.450298
0.4489
0.447508
0.446122
0.444743
0.443371
0.442004
0.440644
0.439291
0.437943
0.436602
0.435267
0.433938
0.432615
0.431298
0.429987
0.428682
0.427383
0.42609
0.424802
0.423521
0.422245
0.420975
0.419711
0.418453
0.4172
0.415952
0.414711
0.413475
0.412244
0.411019
0.409799
0.408585
0.407376
0.406173
0.404975
0.403782
0.402594
0.401412
0.400235
0.399063
0.397896
0.396734
0.395578
0.394426
0.393279
0.392138
0.391001
0.389869
0.388743
0.387621
0.386504
0.385391
0.384284
0.383181
0.382083
0.38099
0.379902
0.378818
0.377738
0.376664
0.375594
0.374528
0.373467
0.372411
0.371359
0.370311
0.369268
0.368229
0.367195
0.366165
0.365139
0.364118
0.363101
0.362088
0.361079
0.360075
0.359075
0.358079
0.357087
0.356099
0.355115
0.354136
0.35316
0.352189
0.351221
0.350257
0.349298
0.348342
0.34739
0.346443
0.345499
0.344558
0.343622
0.34269
0.341761
0.340836
0.339915
0.338997
0.338084
0.337174
0.336267
0.335365
0.334465
0.33357
0.332678
0.33179
0.330905
0.330024
0.329146
0.328272
0.327401
0.326534
0.32567
0.324809
0.323952
0.323099
0.322249
0.321402
0.320558
0.319718
0.318881
0.318047
0.317217
0.31639
0.315566
0.314745
0.313927
0.313113
0.312302
0.311494
0.310689
0.309887
0.309089
0.308293
0.3075
0.306711
0.305925
0.305141
0.304361
0.303583
0.302809
0.302037
0.301269
0.300503
0.29974
0.298981
0.298224
0.29747
0.296719
0.29597
0.295225
0.294482
0.293742
0.293005
0.292271
0.291539
0.29081
0.290084
0.289361
0.28864
0.287922
0.287207
0.286494
0.285784
0.285077
0.284372
0.28367
0.28297
0.282273
0.281579
0.280887
0.280198
0.279511
0.278827
0.278145
0.277466
0.276789
0.276115
0.275443
0.274773
0.274106
0.273442
0.27278
0.27212
0.271463
0.270808
0.270155
0.269505
0.268857
0.268212
0.267569
0.266928
0.266289
0.265653
0.265019
0.264387
0.263758
0.26313
0.262505
0.261883
0.261262
0.260644
0.260028
0.259414
0.258802
0.258192
0.257585
0.256979
0.256376
0.255775
0.255176
0.254579
0.253984
0.253391
0.252801
0.252212
0.251626
0.251041
0.250459
0.249878
0.2493
0.248723
0.248149
0.247576
0.247006
0.246438
0.245871
0.245306
0.244744
0.244183
0.243624
0.243068
0.242513
0.24196
0.241408
0.240859
0.240312
0.239766
0.239222
0.238681
0.238141
0.237602
0.237066
0.236532
0.235999
0.235468
0.234939
0.234411
0.233886
0.233362
0.23284
0.23232
0.231801
0.231284
0.230769
0.230256
0.229744
0.229234
0.228726
0.228219
0.227714
0.227211
0.226709
0.22621
0.225711
0.225215
0.22472
0.224226
0.223735
0.223245
0.222756
0.222269
0.221784
0.2213
0.220818
0.220337
0.219858
0.219381
0.218905
0.218431
0.217958
0.217487
0.217017
0.216549
0.216082
0.215617
0.215153
0.214691
0.21423
0.213771
0.213313
0.212857
0.212402
0.211949
0.211497
0.211046
0.210597
0.21015
0.209704
0.209259
0.208815
0.208374
0.207933
0.207494
0.207056
0.20662
0.206185
0.205751
0.205319
0.204888
0.204458
0.20403
0.203603
0.203178
0.202754
0.202331
0.201909
0.201489
0.20107
0.200653
0.200236
0.199821
0.199408
0.198995
0.198584
0.198174
0.197766
0.197358
0.196952
0.196547
0.196144
0.195741
0.19534
0.19494
0.194542
0.194144
0.193748
0.193353
0.192959
0.192567
0.192175
0.191785
0.191396
0.191008
0.190622
0.190236
0.189852
0.189469
0.189087
0.188706
0.188326
0.187948
0.18757
0.187194
0.186819
0.186445
0.186072
0.1857
break
