9.01567
0.0001
0.0001
0.0001
0.0001
0.0001
0.0001
0.0001
0.0001
0.0001
0.0001
0.0001
0.0001
0.0001
0.0001
0.0001
0.0001
0.0001
0.0001
0.0001
7.89425e-05
5.85515e-05
5.03946e-05
4.47239e-05
3.92033e-05
3.42535e-05
3.26246e-05
3.14032e-05
4.08896e-05
4.33541e-05
4.4746e-05
3.84539e-05
3.75586e-05
3.81229e-05
3.63671e-05
3.6207e-05
4.24577e-05
5.09391e-05
3.77743e-05
3.50135e-05
9.32953e-06
9.12872e-06
8.73639e-06
8.54805e-06
8.27873e-06
8.22464e-06
7.99053e-06
7.18627e-06
6.17867e-06
5.85522e-06
5.55221e-06
5.07126e-06
4.87869e-06
4.86531e-06
4.98131e-06
5.15383e-06
5.15155e-06
4.76538e-06
3.95584e-06
3.7872e-06
3.78276e-06
3.87691e-06
4.14231e-06
4.35442e-06
4.40802e-06
4.50479e-06
5.11453e-06
6.52959e-06
7.78186e-06
8.52545e-06
9.9618e-06
