0
0
0
0
0
0
0
0
0
0
0
0
0
0
0
0
0
0
0
0
0
0
0
0
0
0
0
0
0
0
0
0
0
0
0
0
0
0
0
0
0
0
0
0
0
0
0
0
0
0
0
0
0
0
0
0
0
0
0
0
0
0
0
0
0
0
0
0
0
0
break
-4.20514e-08
0
0
0
0
0
0
0
0
0
0
0
0
0
0
0
0
0
0
0
0
0
0
0
0
0
0
0
0
0
0
0
0
0
0
0
0
0
0
0
0
0
0
0
0
0
0
0
0
0
0
0
0
0
0
0
0
0
0
0
0
0
0
0
0
0
0
0
0
break
-4.20514e-08
0
0
0
0
0
0
0
0
0
0
0
0
0
0
0
0
0
0
0
0
0
0
0
0
0
0
0
0
0
0
0
0
0
0
0
0
0
0
0
0
0
0
0
0
3.74404e-33
5.10444e-32
6.21645e-31
7.31641e-30
6.81025e-29
5.81789e-28
4.95059e-27
4.43491e-26
4.28666e-25
4.13907e-24
3.37255e-23
1.92493e-22
1.02089e-21
5.41382e-21
3.00632e-20
1.9007e-19
1.36959e-18
1.13409e-17
1.70848e-16
-6.34921e-16
-1.478e-15
-7.35361e-15
5.17601e-23
0
break
-4.20514e-08
0
0
0
0
0
0
0
0
0
0
0
0
0
0
0
0
0
0
0
0
0
0
0
0
0
0
0
0
0
0
0
0
0
0
0
0
0
0
0
0
0
0
0
3.85005e-34
6.55205e-33
9.47965e-32
1.26974e-30
1.45879e-29
1.35794e-28
1.16358e-27
9.90234e-27
8.87086e-26
8.57367e-25
8.27949e-24
6.74824e-23
3.85411e-22
2.04697e-21
1.08915e-20
6.09717e-20
3.94019e-19
3.03457e-18
3.26612e-17
-4.82652e-16
-4.15054e-16
-1.38178e-15
-4.18285e-22
-7.86138e-23
0
break
-4.20514e-08
0
0
0
0
0
0
0
0
0
0
0
0
0
0
0
0
0
0
0
0
0
0
0
0
0
0
0
0
0
0
0
0
0
0
0
0
0
0
0
0
0
0
0
3.85004e-34
1.02961e-32
1.45841e-31
1.90462e-30
2.19043e-29
2.03897e-28
1.74537e-27
1.48529e-26
1.33062e-25
1.28613e-24
1.24213e-23
1.0127e-22
5.78753e-22
3.07831e-21
1.64341e-20
9.27618e-20
6.13422e-19
5.10209e-18
8.74809e-17
-2.12153e-16
-3.72102e-16
-7.6068e-23
-1.87269e-23
-1.32376e-27
0
break
-4.20514e-08
0
0
0
0
0
0
0
0
0
0
0
0
0
0
0
0
0
0
0
0
0
0
0
0
0
0
0
0
0
0
0
0
0
0
0
0
0
0
0
0
0
0
0
7.70006e-34
1.31041e-32
1.93239e-31
2.52626e-30
2.9131e-29
2.71725e-28
2.32715e-27
1.98059e-26
1.77425e-25
1.71492e-24
1.65643e-23
1.35089e-22
7.72527e-22
4.11492e-21
2.20429e-20
1.25471e-19
8.50109e-19
7.73817e-18
5.44092e-16
-1.65716e-16
-2.06959e-23
-5.98921e-24
-1.13595e-26
-1.72649e-27
0
break
-4.20514e-08
0
0
0
0
0
0
0
0
0
0
0
0
0
0
0
0
0
0
0
0
0
0
0
0
0
0
0
0
0
0
0
0
0
0
0
0
0
0
0
0
0
0
0
7.70008e-34
1.68481e-32
2.44284e-31
3.16114e-30
3.64474e-29
3.3969e-28
2.90815e-27
2.47565e-26
2.21781e-25
2.14377e-24
2.07087e-23
1.6894e-22
9.66729e-22
5.15686e-21
2.77189e-20
1.59141e-19
1.1062e-18
1.12148e-17
-2.55235e-16
-9.91029e-24
-5.1294e-24
-4.65755e-25
-8.14958e-26
-1.23865e-26
0
break
-4.20514e-08
0
0
0
0
0
0
0
0
0
0
0
0
0
0
0
0
0
0
0
0
0
0
0
0
0
0
0
0
0
0
0
0
0
0
0
0
0
0
0
0
0
0
0
7.70007e-34
1.96561e-32
2.88036e-31
3.80923e-30
4.37188e-29
4.07794e-28
3.48994e-27
2.97094e-26
2.66137e-25
2.57263e-24
2.48546e-23
2.02821e-22
1.16136e-21
6.20414e-21
3.34635e-20
1.93814e-19
1.38419e-18
1.60101e-17
-3.58115e-23
-4.55991e-24
-3.97286e-26
-8.57639e-27
-1.50066e-27
-2.28085e-28
0
break
-4.20514e-08
0
0
0
0
0
0
0
0
0
0
0
0
0
0
0
0
0
0
0
0
0
0
0
0
0
0
0
0
0
0
0
0
0
0
0
0
0
0
0
0
0
0
0
9.6251e-34
2.34002e-32
3.3908e-31
4.43087e-30
5.10353e-29
4.75485e-28
4.07173e-27
3.46599e-26
3.10502e-25
3.00158e-24
2.90018e-23
2.36735e-22
1.35642e-21
7.25684e-21
3.92778e-20
2.29535e-19
1.68702e-18
1.86939e-26
-1.99721e-24
-1.42935e-25
-3.63454e-26
-7.84602e-27
-1.37286e-27
-2.08662e-28
0
break
-4.20514e-08
0
0
0
0
0
0
0
0
0
0
0
0
0
0
0
0
0
0
0
0
0
0
0
0
0
0
0
0
0
0
0
0
0
0
0
0
0
0
0
0
0
0
6.63364e-35
9.62511e-34
2.43362e-32
3.82832e-31
5.05253e-30
5.83517e-29
5.43588e-28
4.65351e-27
3.96128e-26
3.54863e-25
3.43054e-24
3.31503e-23
2.70679e-22
1.55192e-21
8.31498e-21
4.51632e-20
2.66353e-19
4.51461e-26
2.88195e-25
-3.6539e-26
-5.71499e-27
-1.4532e-27
-3.13708e-28
-5.48914e-29
-8.34295e-30
0
break
-4.20514e-08
0
0
0
0
0
0
0
0
0
0
0
0
0
0
0
0
0
0
0
0
0
0
0
0
0
0
0
0
0
0
0
0
0
0
0
0
0
0
0
0
0
0
6.63365e-35
1.34751e-33
2.80802e-32
4.33877e-31
5.6874e-30
6.55784e-29
6.11415e-28
5.23529e-27
4.45635e-26
3.99227e-25
3.85957e-24
3.73e-23
3.04655e-22
1.74785e-21
9.37861e-21
5.1121e-20
8.56853e-27
2.38481e-26
2.76537e-27
-2.2227e-27
-3.47647e-28
-8.83996e-29
-1.90832e-29
-3.3391e-30
-5.0751e-31
0
break
-4.20514e-08
0
0
0
0
0
0
0
0
0
0
0
0
0
0
0
0
0
0
0
0
0
0
0
0
0
0
0
0
0
0
0
0
0
0
0
0
0
0
0
0
0
0
6.63364e-35
1.34751e-33
3.08883e-32
4.81276e-31
6.3355e-30
7.29396e-29
6.79379e-28
5.8171e-27
4.95165e-26
4.43597e-25
4.28863e-24
4.14512e-23
3.38662e-22
1.94422e-21
1.04478e-20
1.73264e-27
3.52237e-27
1.29e-28
2.16742e-28
-1.74206e-28
-2.72473e-29
-6.92843e-30
-1.49567e-30
-2.61706e-31
-3.97767e-32
0
break
-4.20514e-08
0
0
0
0
0
0
0
0
0
0
0
0
0
0
0
0
0
0
0
0
0
0
0
0
0
0
0
0
0
0
0
0
0
0
0
0
0
0
0
0
0
0
6.63363e-35
1.34751e-33
3.46323e-32
5.3232e-31
6.95714e-30
8.0166e-29
7.4721e-28
6.39889e-27
5.44671e-26
4.87963e-25
4.71774e-24
4.56036e-23
3.72701e-22
2.14103e-21
3.59769e-28
6.54721e-28
1.05415e-29
1.12902e-29
1.89692e-29
-1.52465e-29
-2.38468e-30
-6.06377e-31
-1.30901e-31
-2.29045e-32
-3.48126e-33
0
break
-4.20514e-08
0
0
0
0
0
0
0
0
0
0
0
0
0
0
0
0
0
0
0
0
0
0
0
0
0
0
0
0
0
0
0
0
0
0
0
0
0
0
0
0
0
0
6.63365e-35
1.73252e-33
3.74403e-32
5.76072e-31
7.59199e-30
8.74827e-29
8.15176e-28
6.98068e-27
5.94199e-26
5.32337e-25
5.14688e-24
4.97575e-23
4.06771e-22
7.39717e-29
1.31298e-28
9.79892e-31
9.47074e-31
1.01432e-30
1.70422e-30
-1.36977e-30
-2.14244e-31
-5.44779e-32
-1.17604e-32
-2.05778e-33
-3.12762e-34
0
break
-4.20514e-08
0
0
0
0
0
0
0
0
0
0
0
0
0
0
0
0
0
0
0
0
0
0
0
0
0
0
0
0
0
0
0
0
0
0
0
0
0
0
0
0
0
0
6.63365e-35
1.73252e-33
4.11843e-32
6.27114e-31
8.24012e-30
9.47543e-29
8.8328e-28
7.56246e-27
6.43706e-26
5.76703e-25
5.5761e-24
5.39127e-23
1.40323e-29
2.65749e-29
9.04838e-32
8.4911e-32
8.20632e-32
8.78921e-32
1.47673e-31
-1.18693e-31
-1.85645e-32
-4.72057e-33
-1.01905e-33
-1.78309e-34
-2.71012e-35
0
break
-4.20514e-08
0
0
0
0
0
0
0
0
0
0
0
0
0
0
0
0
0
0
0
0
0
0
0
0
0
0
0
0
0
0
0
0
0
0
0
0
0
0
0
0
0
0
6.63365e-35
2.11752e-33
4.39922e-32
6.70869e-31
8.86177e-30
1.02071e-28
9.51106e-28
8.14345e-27
6.93222e-26
6.21073e-25
6.00533e-24
1.85356e-30
5.00228e-30
5.10564e-33
4.75058e-33
4.4572e-33
4.30792e-33
4.61391e-33
7.75212e-33
-6.23079e-33
-9.74547e-34
-2.47808e-34
-5.34952e-35
-9.36038e-36
-1.42268e-36
0
break
-4.20514e-08
0
0
0
0
0
0
0
0
0
0
0
0
0
0
0
0
0
0
0
0
0
0
0
0
0
0
0
0
0
0
0
0
0
0
0
0
0
0
0
0
0
0
6.63364e-35
2.11751e-33
4.77364e-32
7.21914e-31
9.49665e-30
1.09387e-28
1.01907e-27
8.72523e-27
7.42752e-26
6.65451e-25
2.05655e-31
6.58528e-31
2.09073e-34
1.94382e-34
1.80701e-34
1.69572e-34
1.63892e-34
1.75533e-34
2.94924e-34
-2.37047e-34
-3.70761e-35
-9.42769e-36
-2.03519e-36
-3.5611e-37
-5.41252e-38
0
break
-4.20514e-08
0
0
0
0
0
0
0
0
0
0
0
0
0
0
0
0
0
0
0
0
0
0
0
0
0
0
0
0
0
0
0
0
0
0
0
0
0
0
0
0
0
0
6.63362e-35
2.11752e-33
5.05444e-32
7.69313e-31
1.01183e-29
1.16614e-28
1.0869e-27
9.30703e-27
7.9227e-26
2.26972e-32
7.29611e-32
7.98385e-36
7.44906e-36
6.89442e-36
6.4149e-36
6.01974e-36
5.81808e-36
6.23131e-36
1.04696e-35
-8.41498e-36
-1.31617e-36
-3.34676e-37
-7.22479e-38
-1.26416e-38
-1.9214e-39
0
break
-4.20514e-08
0
0
0
0
0
0
0
0
0
0
0
0
0
0
0
0
0
0
0
0
0
0
0
0
0
0
0
0
0
0
0
0
0
0
0
0
0
0
0
0
0
0
6.63365e-35
2.31003e-33
5.42885e-32
8.20356e-31
1.07664e-29
1.23975e-28
1.155e-27
9.88882e-27
2.69216e-33
8.04823e-33
3.322e-37
3.12079e-37
2.8669e-37
2.66521e-37
2.4797e-37
2.32687e-37
2.24889e-37
2.40861e-37
4.04685e-37
-3.25267e-37
-5.08745e-38
-1.29363e-38
-2.79262e-39
-4.88641e-40
-7.42687e-41
0
break
-4.20514e-08
0
0
0
0
0
0
0
0
0
0
0
0
0
0
0
0
0
0
0
0
0
0
0
0
0
0
0
0
0
0
0
0
0
0
0
0
0
0
0
0
0
0
6.63365e-35
2.31003e-33
5.70964e-32
8.64109e-31
1.1388e-29
1.31202e-28
1.22297e-27
3.3488e-34
9.54446e-34
1.5114e-38
1.43502e-38
1.29505e-38
1.20667e-38
1.12154e-38
1.04334e-38
9.7897e-39
9.46153e-39
1.01335e-38
1.70259e-38
-1.36847e-38
-2.1404e-39
-5.44259e-40
-1.17491e-40
-2.05582e-41
-3.12464e-42
0
break
-4.20514e-08
0
0
0
0
0
0
0
0
0
0
0
0
0
0
0
0
0
0
0
0
0
0
0
0
0
0
0
0
0
0
0
0
0
0
0
0
0
0
0
0
0
0
6.63366e-35
2.69503e-33
6.08405e-32
9.15152e-31
1.20229e-29
1.38518e-28
4.12842e-35
1.18717e-34
7.1298e-40
6.87347e-40
5.93475e-40
5.54501e-40
5.16479e-40
4.79792e-40
4.46208e-40
4.18667e-40
4.04634e-40
4.33373e-40
7.28137e-40
-5.85243e-40
-9.15368e-41
-2.32759e-41
-5.02468e-42
-8.79197e-43
-1.33629e-43
0
break
-4.20514e-08
0
0
0
0
0
0
0
0
0
0
0
0
0
0
0
0
0
0
0
0
0
0
0
0
0
0
0
0
0
0
0
0
0
0
0
0
0
0
0
0
0
0
6.63364e-35
2.69503e-33
6.36485e-32
9.58905e-31
1.2671e-29
4.66289e-36
1.46352e-35
3.30948e-41
3.29296e-41
2.48844e-41
2.33157e-41
2.17725e-41
2.02536e-41
1.87895e-41
1.74709e-41
1.63926e-41
1.58432e-41
1.69685e-41
2.85097e-41
-2.29148e-41
-3.58407e-42
-9.11356e-43
-1.96738e-43
-3.44244e-44
-5.23217e-45
0
break
-4.20514e-08
0
0
0
0
0
0
0
0
0
0
0
0
0
0
0
0
0
0
0
0
0
0
0
0
0
0
0
0
0
0
0
0
0
0
0
0
0
0
0
0
0
0
6.63365e-35
2.69503e-33
6.73925e-32
1.00995e-30
4.25149e-37
1.65297e-36
1.50772e-42
1.63988e-42
7.84831e-43
7.3452e-43
6.86634e-43
6.3873e-43
5.90626e-43
5.46857e-43
5.08366e-43
4.76976e-43
4.60986e-43
4.93726e-43
8.29539e-43
-6.66747e-43
-1.04285e-43
-2.65175e-44
-5.72443e-45
-1.00164e-45
-1.52239e-46
0
break
-4.20514e-08
0
0
0
0
0
0
0
0
0
0
0
0
0
0
0
0
0
0
0
0
0
0
0
0
0
0
0
0
0
0
0
0
0
0
0
0
0
0
0
0
0
0
1.32673e-34
3.08003e-33
6.92646e-32
3.37014e-38
1.50713e-37
9.48439e-44
1.22385e-43
2.1482e-44
1.96606e-44
1.81218e-44
1.6658e-44
1.5113e-44
1.38153e-44
1.27572e-44
1.18535e-44
1.11203e-44
1.07472e-44
1.15104e-44
1.93393e-44
-1.55441e-44
-2.43123e-45
-6.18212e-46
-1.33456e-46
-2.33516e-47
-3.54921e-48
0
break
-4.20514e-08
0
0
0
0
0
0
0
0
0
0
0
0
0
0
0
0
0
0
0
0
0
0
0
0
0
0
0
0
0
0
0
0
0
0
0
0
0
0
0
0
0
0
1.32673e-34
3.08003e-33
2.30516e-39
1.19469e-38
7.16054e-45
1.19779e-44
7.06705e-46
5.93032e-46
5.0358e-46
4.25412e-46
3.48426e-46
2.98041e-46
2.67378e-46
2.45496e-46
2.27783e-46
2.1362e-46
2.06436e-46
2.21092e-46
3.71469e-46
-2.98571e-46
-4.6699e-47
-1.18746e-47
-2.56342e-48
-4.48536e-49
-6.8173e-50
0
break
-4.20514e-08
0
0
0
0
0
0
0
0
0
0
0
0
0
0
0
0
0
0
0
0
0
0
0
0
0
0
0
0
0
0
0
0
0
0
0
0
0
0
0
0
0
0
1.32673e-34
1.10825e-40
8.17163e-40
5.38813e-46
1.05992e-45
4.09307e-47
3.25354e-47
2.39493e-47
1.59092e-47
8.54869e-48
4.96067e-48
3.56851e-48
2.96499e-48
2.6373e-48
2.4266e-48
2.27128e-48
2.19402e-48
2.34966e-48
3.94776e-48
-3.17307e-48
-4.96294e-49
-1.26197e-49
-2.72427e-50
-4.76682e-51
-7.2451e-52
0
break
-4.20514e-08
0
0
0
0
0
0
0
0
0
0
0
0
0
0
0
0
0
0
0
0
0
0
0
0
0
0
0
0
0
0
0
0
0
0
0
0
0
0
0
0
0
0
4.24339e-42
3.92868e-41
3.65745e-47
8.37025e-47
3.37937e-48
3.25145e-48
2.51175e-48
1.5587e-48
6.38227e-49
2.21604e-49
8.9663e-50
4.71722e-50
3.03101e-50
2.31388e-50
2.03449e-50
1.88575e-50
1.8191e-50
1.94783e-50
3.27258e-50
-2.63039e-50
-4.11416e-51
-1.04614e-51
-2.25835e-52
-3.95157e-53
-6.006e-54
0
break
-4.20514e-08
0
0
0
0
0
0
0
0
0
0
0
0
0
0
0
0
0
0
0
0
0
0
0
0
0
0
0
0
0
0
0
0
0
0
0
0
0
0
0
0
0
0
1.50425e-42
1.75646e-48
5.72255e-48
2.64931e-49
2.93226e-49
2.79888e-49
1.88222e-49
7.56378e-50
2.29175e-50
6.95665e-51
2.47198e-51
9.39845e-52
2.99844e-52
5.97084e-53
8.37652e-54
9.76389e-55
1.2158e-55
3.66411e-56
5.1291e-56
-4.52542e-56
-7.16595e-57
-1.77924e-57
-3.84565e-58
-6.7565e-59
-1.03091e-59
0
break
-4.20514e-08
0
0
0
0
0
0
0
0
0
0
0
0
0
0
0
0
0
0
0
0
0
0
0
0
0
0
0
0
0
0
0
0
0
0
0
0
0
0
0
0
0
0
6.72531e-50
2.75123e-49
1.81211e-50
2.32439e-50
2.55193e-50
2.12588e-50
9.32449e-51
2.85055e-51
8.25002e-52
2.72688e-52
1.0414e-52
3.94892e-53
1.12518e-53
1.69378e-54
1.91188e-55
1.77471e-56
1.18825e-57
2.73417e-58
3.71973e-58
-2.98981e-58
-4.67631e-59
-1.18908e-59
-2.56693e-60
-4.49151e-61
-6.82665e-62
0
break
-4.20514e-08
0
0
0
0
0
0
0
0
0
0
0
0
0
0
0
0
0
0
0
0
0
0
0
0
0
0
0
0
0
0
0
0
0
0
0
0
0
0
0
0
0
0
1.05342e-50
8.71211e-52
1.58987e-51
2.0229e-51
1.93831e-51
1.05316e-51
3.51411e-52
1.02617e-52
3.23387e-53
1.1488e-53
4.37575e-54
1.48198e-54
3.19311e-55
3.87518e-56
3.53489e-57
1.84362e-58
7.86792e-60
2.44382e-62
4.09442e-62
-3.29554e-62
-5.15549e-63
-1.31045e-63
-2.82898e-64
-4.95034e-65
-7.52448e-66
0
break
-4.20514e-08
0
0
0
0
0
0
0
0
0
0
0
0
0
0
0
0
0
0
0
0
0
0
0
0
0
0
0
0
0
0
0
0
0
0
0
0
0
0
0
0
0
0
3.33578e-53
7.64362e-53
1.38365e-52
1.53649e-52
9.60236e-53
3.96902e-53
1.26504e-53
4.02241e-54
1.36239e-54
4.82703e-55
1.64218e-55
4.20578e-56
7.30652e-57
7.17334e-58
3.71655e-59
1.4743e-60
9.25904e-64
9.8009e-64
1.64578e-63
-1.3228e-63
-2.06897e-64
-5.26097e-65
-1.13571e-65
-1.98722e-66
-3.02037e-67
0
break
-4.20514e-08
0
0
0
0
0
0
0
0
0
0
0
0
0
0
0
0
0
0
0
0
0
0
0
0
0
0
0
0
0
0
0
0
0
0
0
0
0
0
0
0
0
0
2.92667e-54
6.65219e-54
1.05095e-53
7.61175e-54
3.61883e-54
1.4288e-54
4.95875e-55
1.69459e-55
5.7245e-56
1.81154e-56
4.6604e-57
9.62372e-58
1.35251e-58
7.54186e-60
2.97082e-61
3.80194e-65
3.47508e-65
3.71278e-65
6.23807e-65
-5.01388e-65
-7.84212e-66
-1.99409e-66
-4.30473e-67
-7.53223e-68
-1.14482e-68
0
break
-4.20514e-08
0
0
0
0
0
0
0
0
0
0
0
0
0
0
0
0
0
0
0
0
0
0
0
0
0
0
0
0
0
0
0
0
0
0
0
0
0
0
0
0
0
0
2.54706e-55
5.05265e-55
5.20639e-55
2.86863e-55
1.30274e-55
5.60068e-56
2.08906e-56
7.12035e-57
2.14835e-57
5.14104e-58
1.0664e-58
1.78145e-59
1.42199e-60
6.02808e-62
1.8143e-66
1.3094e-66
1.24993e-66
1.33871e-66
2.24924e-66
-1.80784e-66
-2.82761e-67
-7.19004e-68
-1.55214e-68
-2.71588e-69
-4.12786e-70
0
break
-4.20514e-08
0
0
0
0
0
0
0
0
0
0
0
0
0
0
0
0
0
0
0
0
0
0
0
0
0
0
0
0
0
0
0
0
0
0
0
0
0
0
0
0
0
0
1.93461e-56
2.50308e-56
1.96213e-56
1.03268e-56
5.10653e-57
2.35949e-57
8.77783e-58
2.6722e-58
6.09689e-59
1.17638e-59
1.97401e-60
1.87296e-61
1.13655e-62
1.40355e-67
5.13121e-68
4.50837e-68
4.35722e-68
4.66668e-68
7.84076e-68
-6.30205e-68
-9.85692e-69
-2.50641e-69
-5.4107e-70
-9.46742e-71
-1.43895e-71
0
break
-4.20514e-08
0
0
0
0
0
0
0
0
0
0
0
0
0
0
0
0
0
0
0
0
0
0
0
0
0
0
0
0
0
0
0
0
0
0
0
0
0
0
0
0
0
0
9.58405e-58
9.43333e-58
7.06344e-58
4.04792e-58
2.15131e-58
9.91415e-59
3.29424e-59
7.58354e-60
1.3951e-60
2.1776e-61
2.07541e-62
1.497e-63
1.86427e-68
2.42608e-69
1.63879e-69
1.53755e-69
1.48599e-69
1.59152e-69
2.67401e-69
-2.14925e-69
-3.36161e-70
-8.54788e-71
-1.84527e-71
-3.22877e-72
-4.90741e-73
0
break
-4.20514e-08
0
0
0
0
0
0
0
0
0
0
0
0
0
0
0
0
0
0
0
0
0
0
0
0
0
0
0
0
0
0
0
0
0
0
0
0
0
0
0
0
0
0
3.61193e-59
3.39589e-59
2.76876e-59
1.70533e-59
9.03942e-60
3.72069e-60
9.34885e-61
1.73528e-61
2.58247e-62
2.28946e-63
1.65881e-64
2.2745e-69
1.8855e-70
5.86468e-71
5.45043e-71
5.11346e-71
4.94196e-71
5.29293e-71
8.89297e-71
-7.14777e-71
-1.11797e-71
-2.84277e-72
-6.13681e-73
-1.07379e-73
-1.63206e-74
0
break
-4.20514e-08
0
0
0
0
0
0
0
0
0
0
0
0
0
0
0
0
0
0
0
0
0
0
0
0
0
0
0
0
0
0
0
0
0
0
0
0
0
0
0
0
0
0
1.30026e-60
1.33114e-60
1.16644e-60
7.16551e-61
3.39241e-61
1.05591e-61
2.13922e-62
3.21217e-63
2.71513e-64
1.82989e-65
2.46883e-70
1.86912e-71
2.0181e-72
1.86431e-72
1.73205e-72
1.62488e-72
1.57037e-72
1.6819e-72
2.82586e-72
-2.2713e-72
-3.5525e-73
-9.03327e-74
-1.95005e-74
-3.41212e-75
-5.18608e-76
0
break
-4.20514e-08
0
0
0
0
0
0
0
0
0
0
0
0
0
0
0
0
0
0
0
0
0
0
0
0
0
0
0
0
0
0
0
0
0
0
0
0
0
0
0
0
0
0
5.09679e-62
5.60789e-62
4.90116e-62
2.68915e-62
9.62745e-63
2.41614e-63
3.9599e-64
3.37717e-65
2.17011e-66
2.70549e-71
1.9012e-72
6.55869e-74
5.97245e-74
5.50401e-74
5.11127e-74
4.79469e-74
4.6338e-74
4.96288e-74
8.33841e-74
-6.70205e-74
-1.04826e-74
-2.6655e-75
-5.75412e-76
-1.00683e-76
-1.53029e-77
0
break
-4.20514e-08
0
0
0
0
0
0
0
0
0
0
0
0
0
0
0
0
0
0
0
0
0
0
0
0
0
0
0
0
0
0
0
0
0
0
0
0
0
0
0
0
0
0
2.14721e-63
2.35633e-63
1.83936e-63
7.63164e-64
2.20297e-64
4.47252e-65
4.16332e-66
2.69927e-67
3.20206e-72
2.04193e-73
2.06243e-75
1.78543e-75
1.60658e-75
1.47505e-75
1.36885e-75
1.28392e-75
1.24081e-75
1.32893e-75
2.2328e-75
-1.79463e-75
-2.80695e-76
-7.1375e-77
-1.5408e-77
-2.69603e-78
-4.0977e-79
0
break
-4.20514e-08
0
0
0
0
0
0
0
0
0
0
0
0
0
0
0
0
0
0
0
0
0
0
0
0
0
0
0
0
0
0
0
0
0
0
0
0
0
0
0
0
0
0
9.02218e-65
8.84311e-65
5.21999e-65
1.74628e-65
4.07791e-66
4.70227e-67
3.3276e-68
3.98083e-73
2.40356e-74
7.34518e-77
5.31469e-77
4.38063e-77
3.86218e-77
3.5232e-77
3.26549e-77
3.06222e-77
2.9593e-77
3.16943e-77
5.32514e-77
-4.28011e-77
-6.69445e-78
-1.70226e-78
-3.67474e-79
-6.42991e-80
-9.77283e-81
0
break
-4.20514e-08
0
0
0
0
0
0
0
0
0
0
0
0
0
0
0
0
0
0
0
0
0
0
0
0
0
0
0
0
0
0
0
0
0
0
0
0
0
0
0
0
0
0
3.38594e-66
2.50962e-66
1.19445e-66
3.23254e-67
4.28739e-68
3.75837e-69
4.90698e-74
2.98464e-75
4.25842e-78
2.04829e-78
1.27171e-78
9.62074e-79
8.16465e-79
7.3543e-79
6.7993e-79
6.37333e-79
6.15871e-79
6.59597e-79
1.10822e-78
-8.90743e-79
-1.3932e-79
-3.54261e-80
-7.64758e-81
-1.33814e-81
-2.03384e-82
0
break
-4.20514e-08
0
0
0
0
0
0
0
0
0
0
0
0
0
0
0
0
0
0
0
0
0
0
0
0
0
0
0
0
0
0
0
0
0
0
0
0
0
0
0
0
0
0
9.60909e-68
5.74254e-68
2.21104e-68
3.39859e-69
3.42677e-70
5.54211e-75
3.67829e-76
4.22104e-79
1.47273e-79
5.80981e-80
2.94217e-80
1.92359e-80
1.51167e-80
1.32441e-80
1.21773e-80
1.14042e-80
1.10188e-80
1.18009e-80
1.98273e-80
-1.59364e-80
-2.49258e-81
-6.33812e-82
-1.36824e-82
-2.39408e-83
-3.63877e-84
0
break
-4.20514e-08
0
0
0
0
0
0
0
0
0
0
0
0
0
0
0
0
0
0
0
0
0
0
0
0
0
0
0
0
0
0
0
0
0
0
0
0
0
0
0
0
0
0
2.19876e-69
1.063e-69
2.32462e-70
2.71639e-71
5.05311e-76
4.15426e-77
4.99607e-80
1.63387e-80
5.12693e-81
1.72622e-81
7.04705e-82
3.68334e-82
2.46765e-82
2.02332e-82
1.83602e-82
1.71608e-82
1.65767e-82
1.77528e-82
2.98273e-82
-2.3974e-82
-3.74974e-83
-9.5348e-84
-2.05832e-84
-3.60156e-85
-5.47401e-86
0
break
-4.20514e-08
0
0
0
0
0
0
0
0
0
0
0
0
0
0
0
0
0
0
0
0
0
0
0
0
0
0
0
0
0
0
0
0
0
0
0
0
0
0
0
0
0
0
4.07013e-71
1.11761e-71
1.85799e-72
4.00557e-77
3.7877e-78
5.61209e-81
1.9821e-81
6.07082e-82
1.77397e-82
5.41309e-83
1.86465e-83
7.43252e-84
3.68228e-84
2.55715e-84
2.24106e-84
2.08455e-84
2.01248e-84
2.15516e-84
3.62096e-84
-2.91039e-84
-4.55209e-85
-1.1575e-85
-2.49875e-86
-4.37221e-87
-6.64532e-88
0
break
-4.20514e-08
0
0
0
0
0
0
0
0
0
0
0
0
0
0
0
0
0
0
0
0
0
0
0
0
0
0
0
0
0
0
0
0
0
0
0
0
0
0
0
0
0
0
4.27921e-73
8.93267e-74
2.73979e-78
3.00249e-79
5.11375e-82
2.23485e-82
7.44398e-83
2.16838e-83
6.07869e-84
1.76172e-84
5.46369e-85
1.73089e-85
5.66648e-86
2.69487e-86
2.1353e-86
1.95947e-86
1.88914e-86
2.02283e-86
3.3986e-86
-2.73168e-86
-4.27257e-87
-1.08642e-87
-2.34531e-88
-4.10373e-89
-6.23727e-90
0
break
-4.20514e-08
0
0
0
0
0
0
0
0
0
0
0
0
0
0
0
0
0
0
0
0
0
0
0
0
0
0
0
0
0
0
0
0
0
0
0
0
0
0
0
0
0
0
3.42023e-75
1.31721e-79
2.05368e-80
4.05336e-83
2.03735e-83
8.40392e-84
2.66928e-84
7.52411e-85
2.05636e-85
5.74138e-86
1.64963e-86
4.45968e-87
1.01655e-87
2.51531e-88
1.44858e-88
1.26673e-88
1.21584e-88
1.30145e-88
2.18656e-88
-1.75749e-88
-2.74887e-89
-6.98978e-90
-1.50891e-90
-2.64024e-91
-4.0129e-92
0
break
-4.20514e-08
0
0
0
0
0
0
0
0
0
0
0
0
0
0
0
0
0
0
0
0
0
0
0
0
0
0
0
0
0
0
0
0
0
0
0
0
0
0
0
0
0
0
5.04347e-81
9.8735e-82
2.77246e-84
1.61498e-84
7.66223e-85
3.01458e-85
9.27305e-86
2.55535e-86
6.78716e-87
1.80089e-87
4.76452e-88
1.1414e-88
2.08766e-89
2.76538e-90
7.0939e-91
4.99339e-91
4.69824e-91
5.02281e-91
8.43825e-91
-6.78253e-91
-1.06085e-91
-2.69749e-92
-5.8232e-93
-1.01892e-93
-1.54866e-94
0
break
-4.20514e-08
0
0
0
0
0
0
0
0
0
0
0
0
0
0
0
0
0
0
0
0
0
0
0
0
0
0
0
0
0
0
0
0
0
0
0
0
0
0
0
0
0
0
3.78047e-83
1.33292e-85
1.10464e-85
6.07381e-86
2.7486e-86
1.04734e-86
3.15009e-87
8.44115e-88
2.13485e-88
5.24833e-89
1.25768e-89
2.67103e-90
4.16644e-91
3.9043e-92
2.85907e-93
1.71602e-94
9.96785e-96
2.04762e-96
2.86333e-96
-2.4053e-96
-3.78473e-97
-9.51313e-98
-2.05486e-98
-3.60261e-99
-5.48589e-100
0
break
-4.20514e-08
0
0
0
0
0
0
0
0
0
0
0
0
0
0
0
0
0
0
0
0
0
0
0
0
0
0
0
0
0
0
0
0
0
0
0
0
0
0
0
0
0
0
5.10361e-87
5.31077e-87
4.15445e-87
2.1788e-87
9.54931e-88
3.55788e-88
1.04061e-88
2.65541e-89
6.22413e-90
1.38738e-90
2.95976e-91
5.48776e-92
7.36109e-93
5.79852e-94
3.42792e-95
1.58675e-96
6.51249e-98
1.39813e-98
2.12371e-98
-1.70697e-98
-2.66985e-99
-6.78885e-100
-1.46554e-100
-2.56434e-101
-3.89754e-102
0
break
-4.20514e-08
0
0
0
0
0
0
0
0
0
0
0
0
0
0
0
0
0
0
0
0
0
0
0
0
0
0
0
0
0
0
0
0
0
0
0
0
0
0
0
0
0
0
2.03344e-88
1.99734e-88
1.49029e-88
7.56969e-89
3.24397e-89
1.17532e-89
3.27354e-90
7.74181e-91
1.64533e-91
3.265e-92
6.08096e-93
9.69558e-94
1.09327e-94
6.95392e-96
3.17677e-97
1.02341e-98
4.14627e-100
2.27434e-100
3.8212e-100
-3.07132e-100
-4.8038e-101
-1.22151e-101
-2.63692e-102
-4.61397e-103
-7.01278e-104
0
break
-4.20514e-08
0
0
0
0
0
0
0
0
0
0
0
0
0
0
0
0
0
0
0
0
0
0
0
0
0
0
0
0
0
0
0
0
0
0
0
0
0
0
0
0
0
0
7.64761e-90
7.16486e-90
5.17762e-90
2.57148e-90
1.07162e-90
3.69731e-91
9.54396e-92
2.04652e-92
3.87205e-93
6.70811e-94
1.07436e-94
1.43999e-95
1.3111e-96
6.44267e-98
2.02625e-99
4.47948e-101
6.5782e-102
7.04479e-102
1.18363e-101
-9.51352e-102
-1.48799e-102
-3.78366e-103
-8.16795e-104
-1.42919e-104
-2.17223e-105
0
break
-4.20514e-08
0
0
0
0
0
0
0
0
0
0
0
0
0
0
0
0
0
0
0
0
0
0
0
0
0
0
0
0
0
0
0
0
0
0
0
0
0
0
0
0
0
0
2.74335e-91
2.48925e-91
1.75888e-91
8.49469e-92
3.3711e-92
1.07795e-92
2.52292e-93
4.8162e-94
7.95532e-95
1.18516e-95
1.59564e-96
1.7269e-97
1.21462e-98
4.09949e-100
7.87565e-102
2.034e-103
1.96473e-103
2.10424e-103
3.53545e-103
-2.84164e-103
-4.44456e-104
-1.13016e-104
-2.43972e-105
-4.26893e-106
-6.48834e-107
0
break
-4.20514e-08
0
0
0
0
0
0
0
0
0
0
0
0
0
0
0
0
0
0
0
0
0
0
0
0
0
0
0
0
0
0
0
0
0
0
0
0
0
0
0
0
0
0
9.53109e-93
8.45615e-93
5.81032e-93
2.67225e-93
9.82838e-94
2.84952e-94
5.93732e-95
9.89512e-96
1.40552e-96
1.7602e-97
1.91356e-98
1.5998e-99
7.72579e-101
1.56091e-102
6.21918e-105
5.81357e-105
5.618e-105
6.01695e-105
1.01094e-104
-8.12551e-105
-1.2709e-105
-3.23163e-106
-6.97626e-107
-1.22068e-107
-1.85531e-108
0
break
-4.20514e-08
0
0
0
0
0
0
0
0
0
0
0
0
0
0
0
0
0
0
0
0
0
0
0
0
0
0
0
0
0
0
0
0
0
0
0
0
0
0
0
0
0
0
3.23778e-94
2.79343e-94
1.8278e-94
7.79091e-95
2.5981e-95
6.70593e-96
1.21985e-96
1.74823e-97
2.08747e-98
2.11091e-99
1.77273e-100
1.01752e-101
2.93244e-103
1.85629e-106
1.68164e-106
1.57635e-106
1.5234e-106
1.63158e-106
2.74132e-106
-2.20335e-106
-3.44622e-107
-8.76303e-108
-1.89171e-108
-3.31004e-109
-5.03093e-110
0
break
-4.20514e-08
0
0
0
0
0
0
0
0
0
0
0
0
0
0
0
0
0
0
0
0
0
0
0
0
0
0
0
0
0
0
0
0
0
0
0
0
0
0
0
0
0
0
1.06958e-95
8.78754e-96
5.32894e-96
2.0595e-96
6.11426e-97
1.37777e-97
2.15519e-98
2.59647e-99
2.50339e-100
1.95555e-101
1.12749e-102
3.86042e-104
5.90779e-108
4.63576e-108
4.27875e-108
4.01214e-108
3.87728e-108
4.1526e-108
6.97702e-108
-5.60782e-108
-8.7711e-109
-2.23031e-109
-4.81466e-110
-8.4245e-111
-1.28044e-111
0
break
-4.20514e-08
0
0
0
0
0
0
0
0
0
0
0
0
0
0
0
0
0
0
0
0
0
0
0
0
0
0
0
0
0
0
0
0
0
0
0
0
0
0
0
0
0
0
3.36467e-97
2.56199e-97
1.40869e-97
4.84675e-98
1.2562e-98
2.43419e-99
3.20088e-100
3.1138e-101
2.31914e-102
1.24377e-103
4.27726e-105
2.52748e-109
1.24686e-109
1.09439e-109
1.01203e-109
9.4874e-110
9.16819e-110
9.81917e-110
1.64977e-109
-1.32602e-109
-2.074e-110
-5.27375e-111
-1.13847e-111
-1.99204e-112
-3.02771e-113
0
break
-4.20514e-08
0
0
0
0
0
0
0
0
0
0
0
0
0
0
0
0
0
0
0
0
0
0
0
0
0
0
0
0
0
0
0
0
0
0
0
0
0
0
0
0
0
0
9.80963e-99
6.77256e-99
3.31515e-99
9.95788e-100
2.21942e-100
3.61525e-101
3.83864e-102
2.88463e-103
1.47502e-104
4.71826e-106
1.70366e-110
3.76199e-111
2.69405e-111
2.38835e-111
2.20282e-111
2.06426e-111
1.99471e-111
2.13633e-111
3.58936e-111
-2.88497e-111
-4.51234e-112
-1.14739e-112
-2.47693e-113
-4.33403e-114
-6.58729e-115
0
break
-4.20514e-08
0
0
0
0
0
0
0
0
0
0
0
0
0
0
0
0
0
0
0
0
0
0
0
0
0
0
0
0
0
0
0
0
0
0
0
0
0
0
0
0
0
0
2.59315e-100
1.59382e-100
6.81113e-101
1.75932e-101
3.29627e-102
4.33557e-103
3.55612e-104
1.83468e-105
5.59548e-107
1.61926e-111
1.72534e-112
7.41284e-113
5.50954e-113
4.76054e-113
4.3712e-113
4.0937e-113
3.95545e-113
4.23624e-113
7.11753e-113
-5.72077e-113
-8.94775e-114
-2.27523e-114
-4.91163e-115
-8.59417e-116
-1.30623e-116
0
break
-4.20514e-08
0
0
0
0
0
0
0
0
0
0
0
0
0
0
0
0
0
0
0
0
0
0
0
0
0
0
0
0
0
0
0
0
0
0
0
0
0
0
0
0
0
0
6.1026e-102
3.27459e-102
1.20337e-102
2.61294e-103
3.95304e-104
4.01647e-105
2.26176e-106
6.95986e-108
1.85892e-112
1.37545e-113
3.25707e-114
1.58568e-114
1.04125e-114
8.59591e-115
7.83087e-115
7.326e-115
7.07772e-115
7.58005e-115
1.27356e-114
-1.02364e-114
-1.60105e-115
-4.07114e-116
-8.78855e-117
-1.53778e-117
-2.33728e-118
0
break
-4.20514e-08
0
0
0
0
0
0
0
0
0
0
0
0
0
0
0
0
0
0
0
0
0
0
0
0
0
0
0
0
0
0
0
0
0
0
0
0
0
0
0
0
0
0
1.25381e-103
5.78542e-104
1.78724e-104
3.13355e-105
3.6621e-106
2.55456e-107
8.57998e-109
2.29961e-113
1.51903e-114
2.62725e-115
8.50162e-116
3.38073e-116
1.83599e-116
1.39555e-116
1.25298e-116
1.17004e-116
1.13016e-116
1.21035e-116
2.03356e-116
-1.6345e-116
-2.55649e-117
-6.50062e-118
-1.40332e-118
-2.45546e-119
-3.73206e-120
0
break
-4.20514e-08
0
0
0
0
0
0
0
0
0
0
0
0
0
0
0
0
0
0
0
0
0
0
0
0
0
0
0
0
0
0
0
0
0
0
0
0
0
0
0
0
0
0
2.21518e-105
8.5925e-106
2.14333e-106
2.90293e-107
2.32917e-108
9.69069e-110
2.83277e-114
1.86893e-115
2.93304e-116
7.80268e-117
2.26645e-117
7.38646e-118
3.08985e-118
2.02482e-118
1.76777e-118
1.6452e-118
1.58858e-118
1.70124e-118
2.85833e-118
-2.29741e-118
-3.59334e-119
-9.13711e-120
-1.97247e-120
-3.45134e-121
-5.2457e-122
0
break
-4.20514e-08
0
0
0
0
0
0
0
0
0
0
0
0
0
0
0
0
0
0
0
0
0
0
0
0
0
0
0
0
0
0
0
0
0
0
0
0
0
0
0
0
0
0
3.28999e-107
1.03045e-107
1.98559e-108
1.84632e-109
8.83567e-111
3.19919e-115
2.3009e-116
3.61888e-117
8.99163e-118
2.274e-118
6.06086e-119
1.66764e-119
5.15101e-120
2.62219e-120
2.1641e-120
2.00091e-120
1.93088e-120
2.06771e-120
3.47404e-120
-2.7923e-120
-4.36739e-121
-1.11054e-121
-2.39736e-122
-4.19481e-123
-6.37569e-124
0
break
-4.20514e-08
0
0
0
0
0
0
0
0
0
0
0
0
0
0
0
0
0
0
0
0
0
0
0
0
0
0
0
0
0
0
0
0
0
0
0
0
0
0
0
0
0
0
3.9455e-109
9.54611e-110
1.26287e-110
7.004e-112
2.9169e-116
2.5984e-117
4.45748e-118
1.11478e-118
2.66437e-119
6.4053e-120
1.5844e-120
3.81502e-121
8.83382e-122
3.06871e-122
2.25358e-122
2.05532e-122
1.98106e-122
2.12127e-122
3.564e-122
-2.86461e-122
-4.48049e-123
-1.13929e-123
-2.45944e-124
-4.30343e-125
-6.5408e-126
0
break
-4.20514e-08
0
0
0
0
0
0
0
0
0
0
0
0
0
0
0
0
0
0
0
0
0
0
0
0
0
0
0
0
0
0
0
0
0
0
0
0
0
0
0
0
0
0
3.65511e-111
6.07151e-112
4.79069e-113
2.31221e-117
2.36911e-118
5.03414e-119
1.37388e-119
3.31025e-120
7.56233e-121
1.71842e-121
3.95157e-122
8.53741e-123
1.57213e-123
3.38056e-124
1.94892e-124
1.7222e-124
1.65583e-124
1.77272e-124
2.97837e-124
-2.39391e-124
-3.74429e-125
-9.52092e-126
-2.05532e-126
-3.59632e-127
-5.46605e-128
0
break
-4.20514e-08
0
0
0
0
0
0
0
0
0
0
0
0
0
0
0
0
0
0
0
0
0
0
0
0
0
0
0
0
0
0
0
0
0
0
0
0
0
0
0
0
0
0
2.32472e-113
2.30322e-114
1.58154e-118
1.87798e-119
4.58995e-120
1.55171e-120
4.08048e-121
9.40308e-122
2.03504e-122
4.33406e-123
9.22514e-124
1.80753e-124
2.81244e-125
3.78444e-126
1.37461e-126
1.11916e-126
1.06943e-126
1.14451e-126
1.92288e-126
-1.54555e-126
-2.41738e-127
-6.14686e-128
-1.32695e-128
-2.32184e-129
-3.52897e-130
0
break
-4.20514e-08
0
0
0
0
0
0
0
0
0
0
0
0
0
0
0
0
0
0
0
0
0
0
0
0
0
0
0
0
0
0
0
0
0
0
0
0
0
0
0
0
0
0
8.81882e-116
7.60356e-120
1.28453e-120
3.63843e-121
1.4148e-121
4.60869e-122
1.15917e-122
2.53104e-123
5.13798e-124
1.01601e-124
1.98743e-125
3.5316e-126
4.80943e-127
4.55694e-128
8.03959e-129
5.13831e-129
4.81687e-129
5.15e-129
8.65205e-129
-6.95434e-129
-1.08772e-129
-2.76583e-130
-5.97071e-131
-1.04473e-131
-1.58789e-132
0
break
-4.20514e-08
0
0
0
0
0
0
0
0
0
0
0
0
0
0
0
0
0
0
0
0
0
0
0
0
0
0
0
0
0
0
0
0
0
0
0
0
0
0
0
0
0
0
2.91133e-121
6.17562e-122
2.48866e-122
1.1215e-122
4.20206e-123
1.30923e-123
3.12021e-124
6.39071e-125
1.20482e-125
2.19164e-126
3.90624e-127
6.25567e-128
7.53326e-129
5.70097e-130
4.63677e-131
1.42041e-131
1.21923e-131
1.29827e-131
2.1808e-131
-1.75293e-131
-2.74175e-132
-6.97159e-133
-1.50499e-133
-2.63337e-134
-4.00248e-135
0
break
-4.20514e-08
0
0
0
0
0
0
0
0
0
0
0
0
0
0
0
0
0
0
0
0
0
0
0
0
0
0
0
0
0
0
0
0
0
0
0
0
0
0
0
0
0
0
2.36459e-123
1.19648e-123
7.67101e-124
3.33096e-124
1.19372e-124
3.52413e-125
7.87835e-126
1.4986e-126
2.5991e-127
4.3089e-128
6.93004e-129
9.90204e-130
1.04783e-130
6.6989e-132
3.36635e-133
1.46204e-134
1.26297e-135
8.62822e-136
1.42675e-135
-1.14944e-135
-1.7984e-136
-4.57012e-137
-9.86601e-138
-1.7265e-138
-2.62437e-139
0
break
-4.20514e-08
0
0
0
0
0
0
0
0
0
0
0
0
0
0
0
0
0
0
0
0
0
0
0
0
0
0
0
0
0
0
0
0
0
0
0
0
0
0
0
0
0
0
4.58119e-125
3.68799e-125
2.27835e-125
9.46253e-126
3.2132e-126
8.89822e-127
1.84744e-127
3.23286e-128
5.11004e-129
7.64475e-130
1.09724e-130
1.38014e-131
1.26291e-132
6.81602e-134
2.80459e-135
1.09265e-136
2.23379e-137
2.17128e-137
3.64228e-137
-2.92751e-137
-4.57886e-138
-1.16431e-138
-2.51345e-139
-4.39792e-140
-6.68441e-141
0
break
-4.20514e-08
0
0
0
0
0
0
0
0
0
0
0
0
0
0
0
0
0
0
0
0
0
0
0
0
0
0
0
0
0
0
0
0
0
0
0
0
0
0
0
0
0
0
1.4121e-126
1.09537e-126
6.47232e-127
2.54709e-127
8.11313e-128
2.0866e-128
3.98541e-129
6.35606e-130
9.0661e-131
1.2104e-131
1.52932e-132
1.6634e-133
1.28475e-134
5.65229e-136
1.83832e-137
9.34695e-139
5.27896e-139
5.59795e-139
9.40543e-139
-7.55967e-139
-1.1824e-139
-3.00659e-140
-6.49045e-141
-1.13567e-141
-1.72611e-142
0
break
-4.20514e-08
0
0
0
0
0
0
0
0
0
0
0
0
0
0
0
0
0
0
0
0
0
0
0
0
0
0
0
0
0
0
0
0
0
0
0
0
0
0
0
0
0
0
4.19405e-128
3.1117e-128
1.74219e-128
6.43124e-129
1.9025e-129
4.50133e-130
7.83563e-131
1.12768e-131
1.43544e-132
1.68704e-133
1.8432e-134
1.69213e-135
1.06472e-136
3.62891e-138
9.36917e-140
1.4377e-140
1.29468e-140
1.38661e-140
2.32971e-140
-1.87252e-140
-2.92878e-141
-7.44729e-142
-1.60768e-142
-2.81305e-143
-4.27555e-144
0
break
-4.20514e-08
0
0
0
0
0
0
0
0
0
0
0
0
0
0
0
0
0
0
0
0
0
0
0
0
0
0
0
0
0
0
0
0
0
0
0
0
0
0
0
0
0
0
1.19144e-129
8.37595e-130
4.39893e-130
1.5081e-130
4.10417e-131
8.84998e-132
1.39018e-132
1.78546e-133
2.00071e-134
2.03329e-135
1.87503e-136
1.40221e-137
6.81715e-139
1.64765e-140
5.33111e-142
3.14554e-142
3.0396e-142
3.25542e-142
5.46961e-142
-4.39623e-142
-6.87608e-143
-1.74844e-143
-3.77444e-144
-6.60436e-145
-1.0038e-145
0
break
-4.20514e-08
0
0
0
0
0
0
0
0
0
0
0
0
0
0
0
0
0
0
0
0
0
0
0
0
0
0
0
0
0
0
0
0
0
0
0
0
0
0
0
0
0
0
3.20707e-131
2.11487e-131
1.03153e-131
3.25336e-132
8.06914e-133
1.57014e-133
2.20108e-134
2.48855e-135
2.41133e-136
2.0684e-137
1.55375e-138
8.97498e-140
3.04725e-141
4.81471e-143
7.42893e-144
6.95973e-144
6.72513e-144
7.20259e-144
1.21015e-143
-9.72664e-144
-1.52133e-144
-3.86842e-145
-8.35092e-146
-1.46121e-146
-2.22089e-147
0
break
-4.20514e-08
0
0
0
0
0
0
0
0
0
0
0
0
0
0
0
0
0
0
0
0
0
0
0
0
0
0
0
0
0
0
0
0
0
0
0
0
0
0
0
0
0
0
8.09765e-133
4.95931e-133
2.22528e-133
6.39637e-134
1.43161e-134
2.48602e-135
3.06784e-136
2.9993e-137
2.45297e-138
1.71398e-139
9.94431e-141
4.00428e-142
7.75322e-144
1.68114e-145
1.54071e-145
1.44283e-145
1.39411e-145
1.49308e-145
2.50861e-145
-2.01631e-145
-3.15368e-146
-8.01915e-147
-1.73113e-147
-3.02906e-148
-4.60386e-149
0
break
-4.20514e-08
0
0
0
0
0
0
0
0
0
0
0
0
0
0
0
0
0
0
0
0
0
0
0
0
0
0
0
0
0
0
0
0
0
0
0
0
0
0
0
0
0
0
1.89887e-134
1.06985e-134
4.37508e-135
1.13483e-135
2.26667e-136
3.46498e-137
3.69748e-138
3.05109e-139
2.03265e-140
1.09697e-141
4.4354e-143
1.00149e-144
3.98298e-147
3.26466e-147
2.97728e-147
2.78616e-147
2.69187e-147
2.88294e-147
4.84378e-147
-3.89323e-147
-6.08933e-148
-1.54839e-148
-3.34257e-149
-5.8487e-150
-8.88945e-151
0
break
-4.20514e-08
0
0
0
0
0
0
0
0
0
0
0
0
0
0
0
0
0
0
0
0
0
0
0
0
0
0
0
0
0
0
0
0
0
0
0
0
0
0
0
0
0
0
4.09635e-136
2.10341e-136
7.76215e-137
1.79678e-137
3.15927e-138
4.17614e-139
3.76133e-140
2.52828e-141
1.30092e-142
4.89248e-144
1.10637e-145
1.386e-148
7.54939e-149
5.89441e-149
5.32823e-149
4.98081e-149
4.8117e-149
5.15318e-149
8.65811e-149
-6.95903e-149
-1.08845e-149
-2.7677e-150
-5.97476e-151
-1.04544e-151
-1.58896e-152
0
break
-4.20514e-08
0
0
0
0
0
0
0
0
0
0
0
0
0
0
0
0
0
0
0
0
0
0
0
0
0
0
0
0
0
0
0
0
0
0
0
0
0
0
0
0
0
0
8.05375e-138
3.73181e-138
1.22899e-138
2.50434e-139
3.80767e-140
4.24825e-141
3.11682e-142
1.61813e-143
5.80204e-145
1.21982e-146
9.22574e-150
2.94913e-150
1.37239e-150
9.84709e-151
8.77425e-151
8.18851e-151
7.90916e-151
8.47033e-151
1.42314e-150
-1.14386e-150
-1.7891e-151
-4.5493e-152
-9.82077e-153
-1.7184e-153
-2.61179e-154
0
break
-4.20514e-08
0
0
0
0
0
0
0
0
0
0
0
0
0
0
0
0
0
0
0
0
0
0
0
0
0
0
0
0
0
0
0
0
0
0
0
0
0
0
0
0
0
0
1.42888e-139
5.90861e-140
1.71295e-140
3.01833e-141
3.87342e-142
3.5203e-143
1.99481e-144
7.21677e-146
1.44649e-147
9.08615e-151
2.2433e-151
6.4242e-152
2.40977e-152
1.51689e-152
1.32008e-152
1.22871e-152
1.1865e-152
1.27066e-152
2.13489e-152
-1.71594e-152
-2.68387e-153
-6.82453e-154
-1.47324e-154
-2.57781e-155
-3.91802e-156
0
break
-4.20514e-08
0
0
0
0
0
0
0
0
0
0
0
0
0
0
0
0
0
0
0
0
0
0
0
0
0
0
0
0
0
0
0
0
0
0
0
0
0
0
0
0
0
0
2.26235e-141
8.23536e-142
2.06452e-142
3.07044e-143
3.20971e-144
2.25304e-145
8.8967e-147
1.79918e-148
1.05828e-151
2.30833e-152
5.55673e-153
1.40282e-153
4.14707e-154
2.15191e-154
1.79974e-154
1.66799e-154
1.61007e-154
1.72422e-154
2.89693e-154
-2.32844e-154
-3.64187e-155
-9.26052e-156
-1.99911e-156
-3.49796e-157
-5.31655e-158
0
break
-4.20514e-08
0
0
0
0
0
0
0
0
0
0
0
0
0
0
0
0
0
0
0
0
0
0
0
0
0
0
0
0
0
0
0
0
0
0
0
0
0
0
0
0
0
0
3.15324e-143
9.92558e-144
2.10016e-144
2.54432e-145
2.05425e-146
1.00484e-147
2.21799e-149
1.31335e-152
2.71098e-153
5.90053e-154
1.33916e-154
3.02744e-155
7.0988e-156
2.81947e-156
2.20262e-156
2.02651e-156
1.95496e-156
2.09346e-156
3.5173e-156
-2.82707e-156
-4.42178e-157
-1.12437e-157
-2.42721e-158
-4.24704e-159
-6.45508e-160
0
break
-4.20514e-08
0
0
0
0
0
0
0
0
0
0
0
0
0
0
0
0
0
0
0
0
0
0
0
0
0
0
0
0
0
0
0
0
0
0
0
0
0
0
0
0
0
0
3.80041e-145
1.0097e-145
1.7403e-146
1.6284e-147
9.16183e-149
2.50512e-150
1.61869e-153
3.36836e-154
6.96492e-155
1.44899e-155
3.0892e-156
6.35576e-157
1.21615e-157
3.44767e-158
2.39375e-158
2.17385e-158
2.09497e-158
2.24324e-158
3.76894e-158
-3.02933e-158
-4.73813e-159
-1.20481e-159
-2.60087e-160
-4.55089e-161
-6.91691e-162
0
break
-4.20514e-08
0
0
0
0
0
0
0
0
0
0
0
0
0
0
0
0
0
0
0
0
0
0
0
0
0
0
0
0
0
0
0
0
0
0
0
0
0
0
0
0
0
0
3.86603e-147
8.36684e-148
1.11381e-148
7.26255e-150
2.28409e-151
1.8282e-154
4.15203e-155
8.65925e-156
1.71485e-156
3.37703e-157
6.75394e-158
1.2769e-158
2.0692e-159
4.02076e-160
2.28293e-160
2.02297e-160
1.94609e-160
2.08359e-160
3.50069e-160
-2.81373e-160
-4.40091e-161
-1.11906e-161
-2.41576e-162
-4.22699e-163
-6.42462e-164
0
break
-4.20514e-08
0
0
0
0
0
0
0
0
0
0
0
0
0
0
0
0
0
0
0
0
0
0
0
0
0
0
0
0
0
0
0
0
0
0
0
0
0
0
0
0
0
0
3.20358e-149
5.35489e-150
4.96754e-151
1.81059e-152
1.66689e-155
4.68949e-156
1.06746e-156
2.13262e-157
4.00157e-158
7.42148e-159
1.38769e-159
2.41981e-160
3.42965e-161
4.61322e-162
1.89094e-162
1.5951e-162
1.52926e-162
1.637e-162
2.75032e-162
-2.21062e-162
-3.4576e-163
-8.79192e-164
-1.89795e-164
-3.32096e-165
-5.04753e-166
0
break
-4.20514e-08
0
0
0
0
0
0
0
0
0
0
0
0
0
0
0
0
0
0
0
0
0
0
0
0
0
0
0
0
0
0
0
0
0
0
0
0
0
0
0
0
0
0
2.05033e-151
2.38824e-152
1.23843e-153
1.32134e-156
4.27573e-157
1.20564e-157
2.62902e-158
4.977e-159
8.79866e-160
1.52849e-160
2.65966e-161
4.27421e-162
5.40847e-163
5.33877e-164
1.35843e-164
1.03093e-164
9.81293e-165
1.05004e-164
1.76415e-164
-1.41797e-164
-2.21783e-165
-5.63947e-166
-1.21742e-166
-2.13018e-167
-3.23767e-168
0
break
-4.20514e-08
0
0
0
0
0
0
0
0
0
0
0
0
0
0
0
0
0
0
0
0
0
0
0
0
0
0
0
0
0
0
0
0
0
0
0
0
0
0
0
0
0
0
9.14436e-154
5.95401e-155
9.03786e-158
3.38935e-158
1.09927e-158
2.96935e-159
6.13554e-160
1.09439e-160
1.8125e-161
2.93245e-162
4.72209e-163
6.96581e-164
7.93779e-165
6.20816e-166
8.70621e-167
5.20451e-167
4.86798e-167
5.20489e-167
8.74433e-167
-7.02849e-167
-1.09932e-167
-2.79532e-168
-6.03438e-169
-1.05587e-169
-1.60482e-170
0
break
-4.20514e-08
0
0
0
0
0
0
0
0
0
0
0
0
0
0
0
0
0
0
0
0
0
0
0
0
0
0
0
0
0
0
0
0
0
0
0
0
0
0
0
0
0
0
2.27973e-156
4.34514e-159
2.31829e-159
8.71382e-160
2.70737e-160
6.9298e-161
1.34914e-161
2.25445e-162
3.47758e-163
5.20833e-164
7.71167e-165
1.03759e-165
1.06412e-166
6.99559e-168
5.42821e-169
1.9112e-169
1.69622e-169
1.80972e-169
3.04016e-169
-2.44364e-169
-3.82208e-170
-9.71867e-171
-2.09801e-171
-3.67102e-172
-5.5796e-173
0
break
-4.20514e-08
0
0
0
0
0
0
0
0
0
0
0
0
0
0
0
0
0
0
0
0
0
0
0
0
0
0
0
0
0
0
0
0
0
0
0
0
0
0
0
0
0
0
1.66371e-160
1.11457e-160
5.9602e-161
2.14612e-161
6.31838e-162
1.52379e-162
2.77924e-163
4.32553e-164
6.17667e-165
8.50672e-166
1.1495e-166
1.39881e-167
1.28171e-168
7.27781e-170
3.68398e-171
4.96441e-172
3.6099e-172
3.82141e-172
6.41828e-172
-5.15908e-172
-8.0693e-173
-2.05182e-173
-4.42935e-174
-7.75032e-175
-1.17798e-175
0
break
-4.20514e-08
0
0
0
0
0
0
0
0
0
0
0
0
0
0
0
0
0
0
0
0
0
0
0
0
0
0
0
0
0
0
0
0
0
0
0
0
0
0
0
0
0
0
4.26757e-162
2.86549e-162
1.46793e-162
5.00855e-163
1.38935e-163
3.13902e-164
5.33244e-165
7.68277e-166
1.00883e-166
1.26805e-167
1.54996e-168
1.6876e-169
1.36437e-170
6.69033e-172
2.68435e-173
1.89605e-174
1.06904e-174
1.12266e-174
1.88544e-174
-1.51551e-174
-2.37039e-175
-6.02735e-176
-1.30115e-176
-2.2767e-177
-3.46037e-178
0
break
-4.20514e-08
0
0
0
0
0
0
0
0
0
0
0
0
0
0
0
0
0
0
0
0
0
0
0
0
0
0
0
0
0
0
0
0
0
0
0
0
0
0
0
0
0
0
1.09717e-163
7.05737e-164
3.42582e-164
1.10133e-164
2.86207e-165
6.02274e-166
9.47117e-167
1.25482e-167
1.50381e-168
1.70981e-169
1.87001e-170
1.79693e-171
1.2594e-172
5.2406e-174
1.89439e-175
2.81466e-176
2.34131e-176
2.49984e-176
4.19996e-176
-3.37575e-176
-5.27996e-177
-1.34258e-177
-2.89829e-178
-5.07131e-179
-7.70789e-180
0
break
-4.20514e-08
0
0
0
0
0
0
0
0
0
0
0
0
0
0
0
0
0
0
0
0
0
0
0
0
0
0
0
0
0
0
0
0
0
0
0
0
0
0
0
0
0
0
2.7022e-165
1.64703e-165
7.53304e-166
2.26875e-166
5.49135e-167
1.06972e-167
1.54692e-168
1.87049e-169
2.02771e-170
2.06287e-171
1.99114e-172
1.65848e-173
9.83515e-175
3.3808e-176
1.35221e-177
5.26296e-178
4.95472e-178
5.30502e-178
8.91324e-178
-7.16409e-178
-1.12052e-178
-2.84926e-179
-6.15081e-180
-1.07624e-180
-1.63578e-181
0
break
-4.20514e-08
0
0
0
0
0
0
0
0
0
0
0
0
0
0
0
0
0
0
0
0
0
0
0
0
0
0
0
0
0
0
0
0
0
0
0
0
0
0
0
0
0
0
6.30633e-167
3.62166e-167
1.55181e-167
4.35297e-168
9.75342e-169
1.74718e-169
2.30591e-170
2.52214e-171
2.44641e-172
2.19649e-173
1.83769e-174
1.29473e-175
6.27643e-177
1.75389e-178
1.37716e-179
1.03387e-179
9.96469e-180
1.0672e-179
1.79306e-179
-1.44119e-179
-2.25414e-180
-5.73181e-181
-1.23735e-181
-2.16506e-182
-3.29068e-183
0
break
-4.20514e-08
0
0
0
0
0
0
0
0
0
0
0
0
0
0
0
0
0
0
0
0
0
0
0
0
0
0
0
0
0
0
0
0
0
0
0
0
0
0
0
0
0
0
1.3867e-168
7.46064e-169
2.9774e-169
7.7315e-170
1.59302e-170
2.60442e-171
3.10925e-172
3.04293e-173
2.60487e-174
2.02721e-175
1.43457e-176
8.25281e-178
3.10841e-179
7.89507e-181
2.1454e-181
1.95881e-181
1.89241e-181
2.02673e-181
3.40521e-181
-2.73697e-181
-4.28084e-182
-1.08853e-182
-2.34985e-183
-4.11168e-184
-6.24934e-185
0
break
-4.20514e-08
0
0
0
0
0
0
0
0
0
0
0
0
0
0
0
0
0
0
0
0
0
0
0
0
0
0
0
0
0
0
0
0
0
0
0
0
0
0
0
0
0
0
2.85661e-170
1.43145e-170
5.2883e-171
1.26278e-171
2.37463e-172
3.51175e-173
3.75127e-174
3.24003e-175
2.40411e-176
1.58249e-177
9.14253e-179
4.06708e-180
1.10888e-181
5.20157e-183
3.74386e-183
3.49766e-183
3.37875e-183
3.61853e-183
6.07966e-183
-4.88658e-183
-7.64302e-184
-1.94346e-184
-4.19543e-185
-7.341e-186
-1.11576e-186
0
break
-4.20514e-08
0
0
0
0
0
0
0
0
0
0
0
0
0
0
0
0
0
0
0
0
0
0
0
0
0
0
0
0
0
0
0
0
0
0
0
0
0
0
0
0
0
0
5.48088e-172
2.54246e-172
8.63736e-173
1.88236e-173
3.20191e-174
4.23689e-175
3.99425e-176
2.99032e-177
1.87671e-178
1.0085e-179
4.50242e-181
1.41157e-182
2.97889e-184
7.07314e-185
6.26666e-185
5.84583e-185
5.64628e-185
6.0469e-185
1.01597e-184
-8.16594e-185
-1.27722e-185
-3.24771e-186
-7.01096e-187
-1.22675e-187
-1.86454e-188
0
break
-4.20514e-08
0
0
0
0
0
0
0
0
0
0
0
0
0
0
0
0
0
0
0
0
0
0
0
0
0
0
0
0
0
0
0
0
0
0
0
0
0
0
0
0
0
0
9.73482e-174
4.15259e-174
1.28752e-174
2.53814e-175
3.86306e-176
4.51132e-177
3.68642e-178
2.33432e-179
1.19599e-180
4.96599e-182
1.55689e-183
3.09614e-185
1.84271e-186
1.1263e-186
9.77762e-187
9.10127e-187
8.78887e-187
9.4123e-187
1.5814e-186
-1.27107e-186
-1.98806e-187
-5.05522e-188
-1.09129e-188
-1.9095e-189
-2.90224e-190
0
break
-4.20514e-08
0
0
0
0
0
0
0
0
0
0
0
0
0
0
0
0
0
0
0
0
0
0
0
0
0
0
0
0
0
0
0
0
0
0
0
0
0
0
0
0
0
0
1.58999e-175
6.19002e-176
1.73607e-176
3.06223e-177
4.11328e-178
4.16364e-179
2.87771e-180
1.48762e-181
5.88915e-183
1.71623e-184
3.31621e-186
1.12533e-187
3.2177e-188
1.68108e-188
1.41489e-188
1.3128e-188
1.26739e-188
1.35726e-188
2.28039e-188
-1.83288e-188
-2.86679e-189
-7.28964e-190
-1.57364e-190
-2.7535e-191
-4.18505e-192
0
break
-4.20514e-08
0
0
0
0
0
0
0
0
0
0
0
0
0
0
0
0
0
0
0
0
0
0
0
0
0
0
0
0
0
0
0
0
0
0
0
0
0
0
0
0
0
0
2.3701e-177
8.34651e-178
2.09455e-178
3.26058e-179
3.79628e-180
3.25024e-181
1.83391e-182
7.32512e-184
2.03512e-185
3.6404e-187
1.0796e-188
2.34117e-189
5.52884e-190
2.35277e-190
1.88831e-190
1.74357e-190
1.68259e-190
1.80186e-190
3.02737e-190
-2.43328e-190
-3.80586e-191
-9.67749e-192
-2.08912e-192
-3.65546e-193
-5.55594e-194
0
break
-4.20514e-08
0
0
0
0
0
0
0
0
0
0
0
0
0
0
0
0
0
0
0
0
0
0
0
0
0
0
0
0
0
0
0
0
0
0
0
0
0
0
0
0
0
0
3.1958e-179
1.007e-179
2.23022e-180
3.00929e-181
2.96347e-182
2.07131e-183
9.03027e-185
2.53132e-186
4.31447e-188
1.16698e-189
2.36922e-190
4.73759e-191
9.37678e-192
3.09757e-192
2.30985e-192
2.11673e-192
2.04151e-192
2.18612e-192
3.67298e-192
-2.9522e-192
-4.61749e-193
-1.17413e-193
-2.53465e-194
-4.43502e-195
-6.7408e-196
0
break
-4.20514e-08
0
0
0
0
0
0
0
0
0
0
0
0
0
0
0
0
0
0
0
0
0
0
0
0
0
0
0
0
0
0
0
0
0
0
0
0
0
0
0
0
0
0
3.8557e-181
1.07222e-181
2.05834e-182
2.34913e-183
1.88856e-184
1.01993e-185
3.12056e-187
5.36612e-189
1.38055e-190
2.58412e-191
4.97328e-192
9.23131e-193
1.56618e-193
3.86424e-194
2.57206e-194
2.32852e-194
2.24378e-194
2.40258e-194
4.03665e-194
-3.24451e-194
-5.07469e-195
-1.29039e-195
-2.78561e-196
-4.87415e-197
-7.40823e-198
0
break
-4.20514e-08
0
0
0
0
0
0
0
0
0
0
0
0
0
0
0
0
0
0
0
0
0
0
0
0
0
0
0
0
0
0
0
0
0
0
0
0
0
0
0
0
0
0
4.10544e-183
9.89587e-184
1.60679e-184
1.49705e-185
9.29939e-187
3.52453e-188
6.6152e-190
1.71675e-191
3.0608e-192
5.45344e-193
9.92163e-194
1.71657e-194
2.55585e-195
4.6229e-196
2.58845e-196
2.29632e-196
2.20965e-196
2.36585e-196
3.97491e-196
-3.19489e-196
-4.99708e-197
-1.27065e-197
-2.74301e-198
-4.79961e-199
-7.29493e-200
0
break
-4.20514e-08
0
0
0
0
0
0
0
0
0
0
0
0
0
0
0
0
0
0
0
0
0
0
0
0
0
0
0
0
0
0
0
0
0
0
0
0
0
0
0
0
0
0
3.78903e-185
7.72496e-186
1.02397e-186
7.37158e-188
3.21356e-189
7.47156e-191
2.11633e-192
3.80671e-193
6.46361e-194
1.09122e-194
1.87147e-195
3.02194e-196
4.02639e-197
5.3835e-198
2.33881e-198
2.0031e-198
1.92304e-198
2.05871e-198
3.45886e-198
-2.78012e-198
-4.34834e-199
-1.10569e-199
-2.3869e-200
-4.1765e-201
-6.34787e-202
0
break
